 Charge Transfer / Tpd     J3/J1
              0.064150 -9.108758
              0.073423 -8.815003
              0.082625 -8.536715
              0.091757 -8.272866
              0.100819 -8.022509
              0.109813 -7.784773
              0.118740 -7.558854
              0.127599 -7.344009
              0.136392 -7.139551
              0.145120 -6.944843
              0.153783 -6.759298
              0.162382 -6.582368
              0.170917 -6.413546
              0.179390 -6.252361
              0.187801 -6.098374
              0.196151 -5.951178
              0.204440 -5.810391
              0.212669 -5.675660
              0.220839 -5.546653
              0.228950 -5.423060
              0.237003 -5.304593
              0.244999 -5.190981
              0.252938 -5.081970
              0.260821 -4.977324
              0.268648 -4.876819
              0.276420 -4.780247
              0.284138 -4.687411
              0.291802 -4.598127
              0.299412 -4.512221
              0.306970 -4.429530
              0.314476 -4.349902
              0.321930 -4.273190
              0.329332 -4.199258
              0.336685 -4.127978
              0.343987 -4.059227
              0.351239 -3.992892
              0.358443 -3.928863
              0.365598 -3.867038
              0.372704 -3.807319
              0.379764 -3.749616
              0.386776 -3.693840
              0.393741 -3.639910
              0.400660 -3.587746
              0.407534 -3.537276
              0.414362 -3.488427
              0.421145 -3.441135
              0.427884 -3.395334
              0.434579 -3.350965
              0.441231 -3.307970
              0.447839 -3.266294
              0.447851 -3.266207
              0.447852 -3.266199
              0.449737 -3.254503
              0.451617 -3.242910
              0.453495 -3.231419
              0.455368 -3.220028
              0.457239 -3.208736
              0.459106 -3.197543
              0.460970 -3.186447
              0.462830 -3.175447
              0.464687 -3.164542
              0.466540 -3.153731
              0.468391 -3.143013
              0.470237 -3.132386
              0.472081 -3.121851
              0.473921 -3.111405
              0.475758 -3.101048
              0.477591 -3.090779
              0.479422 -3.080597
              0.481249 -3.070501
              0.483072 -3.060490
              0.484893 -3.050563
              0.486710 -3.040719
              0.488523 -3.030958
              0.490334 -3.021277
              0.492141 -3.011678
              0.493945 -3.002158
              0.495746 -2.992717
              0.497544 -2.983353
              0.499338 -2.974067
              0.501130 -2.964858
              0.502918 -2.955723
              0.504703 -2.946664
              0.506484 -2.937678
              0.508263 -2.928766
              0.510038 -2.919925
              0.511810 -2.911157
              0.513579 -2.902459
              0.515345 -2.893832
              0.517108 -2.885273
              0.518868 -2.876784
              0.520625 -2.868362
              0.522378 -2.860008
              0.524128 -2.851720
              0.525876 -2.843498
              0.527620 -2.835342
              0.529361 -2.827249
              0.531099 -2.819221
              0.532834 -2.811256
              0.534566 -2.803354
              0.536295 -2.795513