 Eloss (eV)  Counts/s
 -38.850642 -0.168267
 -38.818298 -0.084427
 -38.785954  0.030625
 -38.753610 -0.139605
 -38.721266  0.070070
 -38.688922 -0.158939
 -38.656578  0.083449
 -38.624234 -0.190378
 -38.591890  0.032860
 -38.559546  0.048136
 -38.527202 -0.061654
 -38.494858 -0.253185
 -38.462514 -0.156982
 -38.430170 -0.142489
 -38.397826  0.046321
 -38.365482 -0.178510
 -38.333138 -0.127713
 -38.300794 -0.099981
 -38.268450  0.107629
 -38.236106 -0.139431
 -38.203762 -0.280137
 -38.171418 -0.133276
 -38.139074  0.069302
 -38.106730 -0.233900
 -38.074386  0.029833
 -38.042042 -0.146492
 -38.009698 -0.054619
 -37.977354 -0.260875
 -37.945010  0.001341
 -37.912666 -0.151281
 -37.880322 -0.060827
 -37.847978 -0.172508
 -37.815634 -0.199374
 -37.783290 -0.088938
 -37.750946  0.075286
 -37.718602 -0.244143
 -37.686258 -0.004548
 -37.653914 -0.063986
 -37.621570 -0.107930
 -37.589226 -0.194046
 -37.556882 -0.004703
 -37.524538 -0.130119
 -37.492194  0.127220
 -37.459850 -0.073894
 -37.427506 -0.002730
 -37.395162 -0.088462
 -37.362818 -0.083686
 -37.330474 -0.189734
 -37.298130 -0.157241
 -37.265786  0.126918
 -37.233442  0.159228
 -37.201098 -0.149582
 -37.168754 -0.015292
 -37.136410 -0.108007
 -37.104066  0.104701
 -37.071722 -0.201409
 -37.039378 -0.198578
 -37.007034 -0.181072
 -36.974690  0.003308
 -36.942346  0.016153
 -36.910002 -0.098908
 -36.877658 -0.128707
 -36.845314  0.078846
 -36.812970 -0.197408
 -36.780626 -0.101354
 -36.748282 -0.210516
 -36.715938  0.068567
 -36.683594 -0.295247
 -36.651250 -0.299897
 -36.618906 -0.080872
 -36.586562  0.109130
 -36.554218 -0.184755
 -36.521874 -0.069594
 -36.489530 -0.170560
 -36.457186  0.054706
 -36.424842 -0.258751
 -36.392498 -0.151404
 -36.360154 -0.101156
 -36.327810  0.062567
 -36.295466 -0.183638
 -36.263122 -0.191187
 -36.230778 -0.197411
 -36.198434  0.012452
 -36.166090 -0.250681
 -36.133746  0.017353
 -36.101402 -0.073390
 -36.069058  0.014965
 -36.036714 -0.102855
 -36.004370  0.005305
 -35.972026 -0.112440
 -35.939682 -0.059212
 -35.907338 -0.268490
 -35.874994 -0.156102
 -35.842650 -0.205678
 -35.810306 -0.011311
 -35.777962 -0.053028
 -35.745618 -0.052534
 -35.713274 -0.258701
 -35.680930  0.139269
 -35.648586 -0.262807
 -35.616242 -0.021171
 -35.583898  0.009732
 -35.551554  0.115829
 -35.519210 -0.167364
 -35.486866 -0.191347
 -35.454522 -0.221682
 -35.422178  0.047233
 -35.389834 -0.186980
 -35.357490  0.029258
 -35.325146  0.008703
 -35.292802 -0.042592
 -35.260458 -0.192291
 -35.228114 -0.047816
 -35.195770 -0.171657
 -35.163426  0.070434
 -35.131082 -0.036384
 -35.098738 -0.082397
 -35.066394 -0.073088
 -35.034050 -0.095323
 -35.001706 -0.162350
 -34.969362 -0.150375
 -34.937018 -0.091722
 -34.904674 -0.095570
 -34.872330 -0.137812
 -34.839986 -0.129045
 -34.807642 -0.114759
 -34.775298  0.089500
 -34.742954 -0.195695
 -34.710610 -0.306603
 -34.678266 -0.128351
 -34.645922 -0.005047
 -34.613578 -0.226455
 -34.581234 -0.210303
 -34.548890 -0.003249
 -34.516546  0.118993
 -34.484202 -0.282396
 -34.451858 -0.118292
 -34.419514 -0.281958
 -34.387170  0.164447
 -34.354826 -0.252592
 -34.322482 -0.235071
 -34.290138 -0.076096
 -34.257794  0.113345
 -34.225450 -0.189889
 -34.193106 -0.152824
 -34.160762 -0.152971
 -34.128418 -0.055859
 -34.096074 -0.240208
 -34.063730 -0.178436
 -34.031386 -0.049518
 -33.999042  0.011142
 -33.966698 -0.239599
 -33.934354 -0.308692
 -33.902010 -0.175552
 -33.869666 -0.056532
 -33.837322 -0.311784
 -33.804978 -0.094302
 -33.772634 -0.139431
 -33.740290  0.052058
 -33.707946 -0.233442
 -33.675602 -0.224942
 -33.643258 -0.156654
 -33.610914  0.033807
 -33.578570 -0.201107
 -33.546226 -0.036243
 -33.513882 -0.079499
 -33.481538  0.063468
 -33.449194 -0.256633
 -33.416850 -0.132095
 -33.384506 -0.109622
 -33.352162 -0.063454
 -33.319818 -0.145049
 -33.287474 -0.120641
 -33.255130 -0.148464
 -33.222786  0.055013
 -33.190442 -0.181330
 -33.158098 -0.007121
 -33.125754 -0.133984
 -33.093410  0.115810
 -33.061066 -0.220999
 -33.028722 -0.086810
 -32.996378 -0.098064
 -32.964034  0.112586
 -32.931690 -0.108693
 -32.899346 -0.033853
 -32.867002 -0.107195
 -32.834658  0.105960
 -32.802314 -0.162356
 -32.769970 -0.039657
 -32.737626 -0.284008
 -32.705282  0.035169
 -32.672938 -0.228027
 -32.640594 -0.009164
 -32.608250 -0.123174
 -32.575906  0.017789
 -32.543562 -0.265638
 -32.511218 -0.107253
 -32.478874 -0.006022
 -32.446530 -0.030723
 -32.414186 -0.298253
 -32.381842 -0.119856
 -32.349498 -0.142468
 -32.317154 -0.004843
 -32.284810 -0.244206
 -32.252466 -0.099591
 -32.220122 -0.177595
 -32.187778  0.020371
 -32.155434 -0.239996
 -32.123090 -0.095481
 -32.090746 -0.235599
 -32.058402 -0.014280
 -32.026058 -0.186051
 -31.993714 -0.245097
 -31.961370 -0.080489
 -31.929026  0.100917
 -31.896682 -0.137585
 -31.864338 -0.231674
 -31.831994 -0.118589
 -31.799650  0.154706
 -31.767306 -0.372169
 -31.734962 -0.110485
 -31.702618 -0.205814
 -31.670274  0.058812
 -31.637930 -0.483253
 -31.605586 -0.094452
 -31.573242 -0.283319
 -31.540898 -0.088915
 -31.508554 -0.120287
 -31.476210  0.128069
 -31.443866 -0.215515
 -31.411522 -0.037390
 -31.379178 -0.061133
 -31.346834 -0.134194
 -31.314490 -0.084578
 -31.282146 -0.053248
 -31.249802 -0.222109
 -31.217458 -0.212883
 -31.185114 -0.137954
 -31.152770 -0.035946
 -31.120426 -0.051890
 -31.088082 -0.124992
 -31.055738 -0.205070
 -31.023394 -0.086197
 -30.991050 -0.368661
 -30.958706 -0.183286
 -30.926362 -0.140585
 -30.894018  0.041913
 -30.861674 -0.187569
 -30.829330  0.042944
 -30.796986 -0.182335
 -30.764642  0.090330
 -30.732298 -0.147525
 -30.699954 -0.142237
 -30.667610 -0.187157
 -30.635266 -0.080129
 -30.602922 -0.275827
 -30.570578 -0.155332
 -30.538234 -0.034187
 -30.505890  0.077480
 -30.473546 -0.237015
 -30.441202 -0.135473
 -30.408858 -0.053145
 -30.376514 -0.135529
 -30.344170 -0.140268
 -30.311826 -0.033075
 -30.279482 -0.091467
 -30.247138  0.028294
 -30.214794 -0.177704
 -30.182450 -0.127108
 -30.150106 -0.152459
 -30.117762 -0.029975
 -30.085418 -0.109835
 -30.053074 -0.090828
 -30.020730 -0.293375
 -29.988386  0.012081
 -29.956042 -0.242525
 -29.923698 -0.035845
 -29.891354 -0.170547
 -29.859010  0.017765
 -29.826666 -0.148403
 -29.794322 -0.057759
 -29.761978  0.037937
 -29.729634  0.170992
 -29.697290 -0.279108
 -29.664946 -0.077792
 -29.632602 -0.138432
 -29.600258  0.120140
 -29.567914 -0.074638
 -29.535570 -0.089496
 -29.503226 -0.242690
 -29.470882  0.030611
 -29.438538 -0.194138
 -29.406194 -0.129347
 -29.373850 -0.075254
 -29.341506  0.050788
 -29.309162 -0.150596
 -29.276818 -0.123213
 -29.244474 -0.114242
 -29.212130  0.005137
 -29.179786 -0.334132
 -29.147442  0.000901
 -29.115098  0.107126
 -29.082754  0.056622
 -29.050410 -0.309580
 -29.018066 -0.188089
 -28.985722 -0.010291
 -28.953378 -0.003890
 -28.921034 -0.183733
 -28.888690 -0.062960
 -28.856346 -0.113418
 -28.824002 -0.014726
 -28.791658 -0.158399
 -28.759314 -0.159785
 -28.726970 -0.149858
 -28.694626 -0.012992
 -28.662282 -0.119245
 -28.629938 -0.185606
 -28.597594 -0.058796
 -28.565250 -0.085398
 -28.532906 -0.173947
 -28.500562 -0.085065
 -28.468218 -0.012251
 -28.435874  0.054228
 -28.403530 -0.212428
 -28.371186 -0.075798
 -28.338842 -0.135880
 -28.306498 -0.048724
 -28.274154 -0.133717
 -28.241810 -0.114759
 -28.209466 -0.004147
 -28.177122 -0.025262
 -28.144778  0.048948
 -28.112434 -0.045205
 -28.080090 -0.144247
 -28.047746  0.105310
 -28.015402 -0.267646
 -27.983058 -0.125293
 -27.950714 -0.216708
 -27.918370 -0.036544
 -27.886026 -0.153260
 -27.853682 -0.168570
 -27.821338  0.019454
 -27.788994  0.024952
 -27.756650 -0.125633
 -27.724306 -0.179122
 -27.691962 -0.103894
 -27.659618  0.090638
 -27.627274  0.048016
 -27.594930 -0.054206
 -27.562586 -0.023408
 -27.530242  0.218165
 -27.497898 -0.096023
 -27.465554 -0.004955
 -27.433210 -0.201712
 -27.400866  0.182694
 -27.368522 -0.279564
 -27.336178 -0.145086
 -27.303834 -0.195085
 -27.271490  0.115886
 -27.239146 -0.122565
 -27.206802  0.028146
 -27.174458 -0.122067
 -27.142114  0.051553
 -27.109770 -0.138451
 -27.077426 -0.066951
 -27.045082 -0.113060
 -27.012738 -0.042186
 -26.980394 -0.121639
 -26.948050 -0.151319
 -26.915706 -0.160897
 -26.883362  0.092465
 -26.851018 -0.208600
 -26.818674 -0.026409
 -26.786330 -0.131086
 -26.753986  0.083853
 -26.721642 -0.175381
 -26.689298  0.030969
 -26.656954 -0.024987
 -26.624610 -0.004280
 -26.592266 -0.119773
 -26.559922 -0.034724
 -26.527578 -0.020462
 -26.495234  0.077221
 -26.462890 -0.199976
 -26.430546 -0.142845
 -26.398202 -0.231243
 -26.365858  0.036502
 -26.333514 -0.188209
 -26.301170 -0.050987
 -26.268826 -0.060158
 -26.236482 -0.064056
 -26.204138 -0.064255
 -26.171794 -0.019124
 -26.139450 -0.093340
 -26.107106  0.060583
 -26.074762  0.012588
 -26.042418 -0.116246
 -26.010074 -0.098465
 -25.977730  0.047749
 -25.945386 -0.054378
 -25.913042  0.016825
 -25.880698 -0.013176
 -25.848354  0.039387
 -25.816010 -0.237802
 -25.783666  0.014544
 -25.751322 -0.077638
 -25.718978  0.076577
 -25.686634 -0.145377
 -25.654290 -0.134435
 -25.621946 -0.149511
 -25.589602  0.140529
 -25.557258 -0.183813
 -25.524914  0.040962
 -25.492570 -0.123534
 -25.460226  0.299328
 -25.427882 -0.092105
 -25.395538  0.134161
 -25.363194 -0.025920
 -25.330850  0.189747
 -25.298506 -0.195542
 -25.266162 -0.053594
 -25.233818 -0.032988
 -25.201474  0.110771
 -25.169130 -0.178217
 -25.136786  0.007174
 -25.104442 -0.066344
 -25.072098  0.042298
 -25.039754 -0.078735
 -25.007410  0.011014
 -24.975066 -0.111876
 -24.942722  0.028700
 -24.910378 -0.039436
 -24.878034  0.112878
 -24.845690  0.069743
 -24.813346  0.041913
 -24.781002 -0.100349
 -24.748658 -0.132552
 -24.716314 -0.065449
 -24.683970  0.175202
 -24.651626 -0.221403
 -24.619282 -0.046806
 -24.586938 -0.056105
 -24.554594  0.140126
 -24.522250 -0.228909
 -24.489906 -0.049075
 -24.457562 -0.148464
 -24.425218  0.183247
 -24.392874 -0.270414
 -24.360530 -0.013059
 -24.328186 -0.035980
 -24.295842  0.190859
 -24.263498 -0.106602
 -24.231154  0.060069
 -24.198810 -0.001532
 -24.166466  0.174135
 -24.134122 -0.226014
 -24.101778 -0.108839
 -24.069434 -0.160070
 -24.037090  0.110665
 -24.004746 -0.062339
 -23.972402 -0.155239
 -23.940058 -0.070839
 -23.907714  0.037805
 -23.875370 -0.087194
 -23.843026 -0.067517
 -23.810682 -0.132173
 -23.778338  0.162544
 -23.745994 -0.186639
 -23.713650 -0.178786
 -23.681306 -0.150491
 -23.648962  0.119566
 -23.616618 -0.122343
 -23.584274 -0.079489
 -23.551930 -0.131385
 -23.519586  0.033035
 -23.487242 -0.030353
 -23.454898  0.037021
 -23.422554 -0.022994
 -23.390210  0.105548
 -23.357866 -0.135204
 -23.325522 -0.076881
 -23.293178 -0.025783
 -23.260834  0.126827
 -23.228490  0.055230
 -23.196146  0.107935
 -23.163802 -0.167714
 -23.131458  0.162858
 -23.099114 -0.117545
 -23.066770 -0.063689
 -23.034426 -0.108731
 -23.002082  0.047036
 -22.969738 -0.071625
 -22.937394 -0.020470
 -22.905050  0.172908
 -22.872706  0.155440
 -22.840362 -0.102094
 -22.808018  0.036470
 -22.775674  0.021608
 -22.743330  0.071319
 -22.710986 -0.042611
 -22.678642  0.108946
 -22.646298 -0.085221
 -22.613954  0.173277
 -22.581610 -0.060622
 -22.549266 -0.015858
 -22.516922 -0.001167
 -22.484578  0.109139
 -22.452234 -0.138723
 -22.419890 -0.080690
 -22.387546  0.527915
 -22.355202  0.410811
 -22.322858 -0.077723
 -22.290514  0.052959
 -22.258170  0.022481
 -22.225826  0.270718
 -22.193482  0.014933
 -22.161138 -0.172221
 -22.128794  0.014510
 -22.096450  0.034373
 -22.064106 -0.002015
 -22.031762  0.079416
 -21.999418 -0.114807
 -21.967074  0.083386
 -21.934730 -0.061755
 -21.902386 -0.039657
 -21.870042 -0.042817
 -21.837698  0.159029
 -21.805354 -0.144700
 -21.773010 -0.072793
 -21.740666  0.029268
 -21.708322  0.092988
 -21.675978 -0.007977
 -21.643634 -0.050992
 -21.611290 -0.107819
 -21.578946  0.086155
 -21.546602 -0.135062
 -21.514258  0.051822
 -21.481914 -0.013150
 -21.449570  0.094787
 -21.417226  0.002805
 -21.384882 -0.017980
 -21.352538 -0.018046
 -21.320194  0.291193
 -21.287850 -0.056196
 -21.255506  0.006496
 -21.223162 -0.057240
 -21.190818  0.140280
 -21.158474 -0.231856
 -21.126130 -0.173082
 -21.093786 -0.038966
 -21.061442  0.177134
 -21.029098 -0.017764
 -20.996754  0.072826
 -20.964410 -0.038178
 -20.932066  0.235866
 -20.899722 -0.072997
 -20.867378 -0.008442
 -20.835034  0.024369
 -20.802690  0.109409
 -20.770346 -0.090929
 -20.738002  0.190467
 -20.705658  0.118711
 -20.673314  0.186751
 -20.640970 -0.222677
 -20.608626 -0.037044
 -20.576282 -0.135769
 -20.543938  0.217303
 -20.511594  0.012377
 -20.479250  0.110079
 -20.446906 -0.066127
 -20.414562  0.200117
 -20.382218 -0.043006
 -20.349874  0.073739
 -20.317530  0.132543
 -20.285186  0.215981
 -20.252842 -0.071734
 -20.220498 -0.075266
 -20.188154  0.139996
 -20.155810 -0.056886
 -20.123466 -0.005362
 -20.091122  0.018715
 -20.058778 -0.149802
 -20.026434  0.083160
 -19.994090  0.059473
 -19.961746 -0.077621
 -19.929402 -0.044547
 -19.897058  0.080304
 -19.864714 -0.016937
 -19.832370 -0.006157
 -19.800026 -0.166813
 -19.767682  0.303828
 -19.735338 -0.138914
 -19.702994 -0.009109
 -19.670650 -0.033901
 -19.638306  0.040917
 -19.605962 -0.103699
 -19.573618  0.009663
 -19.541274  0.048805
 -19.508930  0.177025
 -19.476586 -0.159206
 -19.444242 -0.089987
 -19.411898  0.019100
 -19.379554  0.091661
 -19.347210 -0.128561
 -19.314866  0.034571
 -19.282522 -0.091178
 -19.250178  0.250761
 -19.217834 -0.054836
 -19.185490  0.083780
 -19.153146 -0.183892
 -19.120802  0.091447
 -19.088458 -0.145123
 -19.056114 -0.082397
 -19.023770 -0.029078
 -18.991426  0.133917
 -18.959082 -0.221314
 -18.926738  0.092721
 -18.894394  0.033622
 -18.862050  0.243247
 -18.829706 -0.002421
 -18.797362 -0.123597
 -18.765018  0.010794
 -18.732674  0.129603
 -18.700330  0.034386
 -18.667986 -0.178755
 -18.635642 -0.245260
 -18.603298  0.114016
 -18.570954 -0.174769
 -18.538610  0.044602
 -18.506266  0.002344
 -18.473922  0.099122
 -18.441578  0.095661
 -18.409234  0.012317
 -18.376890  0.165818
 -18.344546  0.100035
 -18.312202  0.040259
 -18.279858 -0.087363
 -18.247514 -0.072010
 -18.215170  0.142664
 -18.182826 -0.146112
 -18.150482 -0.120947
 -18.118138  0.040418
 -18.085794  0.221720
 -18.053450 -0.148985
 -18.021106 -0.078414
 -17.988762  0.031179
 -17.956418  0.044770
 -17.924074 -0.008596
 -17.891730  0.064713
 -17.859386 -0.031243
 -17.827042  0.097053
 -17.794698 -0.152725
 -17.762354 -0.029406
 -17.730010 -0.085476
 -17.697666  0.049233
 -17.665322 -0.142552
 -17.632978 -0.061058
 -17.600634 -0.106830
 -17.568290  0.097005
 -17.535946  0.018104
 -17.503602  0.105608
 -17.471258  0.015827
 -17.438914  0.016838
 -17.406570 -0.040441
 -17.374226  0.115453
 -17.341882  0.079496
 -17.309538  0.168199
 -17.277194 -0.044071
 -17.244850  0.038594
 -17.212506 -0.104311
 -17.180162  0.093858
 -17.147818 -0.136549
 -17.115474 -0.110998
 -17.083130 -0.088196
 -17.050786  0.064882
 -17.018442  0.044507
 -16.986098 -0.048079
 -16.953754 -0.004392
 -16.921410  0.048992
 -16.889066 -0.068607
 -16.856722 -0.018139
 -16.824378 -0.186185
 -16.792034  0.222667
 -16.759690 -0.006117
 -16.727346  0.067098
 -16.695002  0.030740
 -16.662658  0.117297
 -16.630314 -0.087085
 -16.597970  0.047088
 -16.565626 -0.107819
 -16.533282  0.160927
 -16.500938 -0.139749
 -16.468594  0.020979
 -16.436250 -0.069782
 -16.403906  0.192198
 -16.371562 -0.035087
 -16.339218 -0.047826
 -16.306874 -0.051445
 -16.274530  0.165341
 -16.242186  0.042813
 -16.209842  0.142274
 -16.177498  0.090629
 -16.145154  0.243169
 -16.112810 -0.005139
 -16.080466 -0.014760
 -16.048122  0.005168
 -16.015778  0.075532
 -15.983434 -0.094593
 -15.951090  0.040643
 -15.918746  0.045515
 -15.886402  0.158847
 -15.854058 -0.143896
 -15.821714  0.007832
 -15.789370 -0.097757
 -15.757026  0.007455
 -15.724682 -0.034558
 -15.692338 -0.000320
 -15.659994 -0.056196
 -15.627650  0.240263
 -15.595306 -0.204018
 -15.562962  0.025883
 -15.530618 -0.044414
 -15.498274  0.212202
 -15.465930 -0.078924
 -15.433586 -0.045430
 -15.401242 -0.007875
 -15.368898  0.110204
 -15.336554  0.051979
 -15.304210  0.015531
 -15.271866 -0.023931
 -15.239522  0.163315
 -15.207178 -0.027294
 -15.174834  0.012297
 -15.142490 -0.104642
 -15.110146  0.133620
 -15.077802 -0.086301
 -15.045458 -0.054823
 -15.013114 -0.035910
 -14.980770  0.149085
 -14.948426  0.013606
 -14.916082  0.066314
 -14.883738 -0.019569
 -14.851394  0.258744
 -14.819050 -0.036617
 -14.786706 -0.028483
 -14.754362  0.035873
 -14.722018  0.241071
 -14.689674 -0.111157
 -14.657330  0.157084
 -14.624986  0.042578
 -14.592642 -0.006069
 -14.560298 -0.192291
 -14.527954 -0.077208
 -14.495610 -0.043711
 -14.463266  0.152741
 -14.430922 -0.034198
 -14.398578 -0.029458
 -14.366234  0.004970
 -14.333890  0.174979
 -14.301546 -0.097335
 -14.269202  0.066241
 -14.236858 -0.007509
 -14.204514  0.125528
 -14.172170  0.000436
 -14.139826  0.100793
 -14.107482 -0.021734
 -14.075138  0.194546
 -14.042794 -0.271239
 -14.010450  0.046433
 -13.978106 -0.140400
 -13.945762  0.319166
 -13.913418 -0.047248
 -13.881074 -0.086977
 -13.848730  0.113215
 -13.816386  0.167726
 -13.784042 -0.119029
 -13.751698  0.062444
 -13.719354 -0.104701
 -13.687010  0.219279
 -13.654666 -0.067187
 -13.622322  0.040963
 -13.589978 -0.074638
 -13.557634  0.001378
 -13.525290 -0.030506
 -13.492946  0.095608
 -13.460602 -0.034905
 -13.428258  0.154864
 -13.395914  0.012317
 -13.363570  0.119845
 -13.331226 -0.109243
 -13.298882  0.126503
 -13.266538 -0.108748
 -13.234194 -0.115470
 -13.201850 -0.017365
 -13.169506  0.099732
 -13.137162 -0.081590
 -13.104818  0.069468
 -13.072474  0.050605
 -13.040130  0.183165
 -13.007786 -0.024912
 -12.975442  0.171606
 -12.943098  0.101583
 -12.910754  0.216741
 -12.878410 -0.129449
 -12.846066  0.152302
 -12.813722 -0.015317
 -12.781378  0.152491
 -12.749034 -0.081506
 -12.716690  0.132843
 -12.684346  0.124077
 -12.652002  0.214095
 -12.619658 -0.172264
 -12.587314 -0.027948
 -12.554970  0.069172
 -12.522626  0.131620
 -12.490282 -0.056993
 -12.457938 -0.044399
 -12.425594 -0.012553
 -12.393250  0.164115
 -12.360906 -0.091303
 -12.328562  0.058196
 -12.296218  0.085636
 -12.263874  0.179172
 -12.231530 -0.007416
 -12.199186  0.057282
 -12.166842 -0.124650
 -12.134498  0.211537
 -12.102154 -0.072466
 -12.069810  0.138227
 -12.037466  0.067771
 -12.005122  0.158982
 -11.972778 -0.138816
 -11.940434  0.083706
 -11.908090  0.135727
 -11.875746  0.189404
 -11.843402 -0.072781
 -11.811058  0.106965
 -11.778714 -0.079031
 -11.746370  0.085566
 -11.714026 -0.155231
 -11.681682  0.009466
 -11.649338 -0.160917
 -11.616994  0.222123
 -11.584650 -0.129381
 -11.552306 -0.029841
 -11.519962  0.081916
 -11.487618  0.186186
 -11.455274  0.022471
 -11.422930 -0.061696
 -11.390586  0.234277
 -11.358242  0.135966
 -11.325898 -0.085810
 -11.293554 -0.009568
 -11.261210  0.186595
 -11.228866  0.166225
 -11.196522  0.014136
 -11.164178  0.079414
 -11.131834  0.108750
 -11.099490  0.084448
 -11.067146 -0.199038
 -11.034802  0.028529
 -11.002458 -0.015083
 -10.970114  0.219579
 -10.937770 -0.050761
 -10.905426 -0.029758
 -10.873082 -0.029458
 -10.840738  0.076979
 -10.808394 -0.085261
 -10.776050  0.103555
 -10.743706 -0.086043
 -10.711362  0.360901
 -10.679018 -0.240334
 -10.646674 -0.103580
 -10.614330  0.011038
 -10.581986 -0.002015
 -10.549642 -0.230992
 -10.517298 -0.115451
 -10.484954 -0.078048
 -10.452610  0.181892
 -10.420266 -0.067133
 -10.387922  0.255508
 -10.355578  0.043610
 -10.323234  0.284631
 -10.290890  0.122538
 -10.258546  0.145046
 -10.226202  0.064089
 -10.193858  0.063412
 -10.161514 -0.007422
 -10.129170  0.089927
 -10.096826 -0.097003
 -10.064482  0.008806
 -10.032138 -0.016865
  -9.999794 -0.068369
  -9.967450  0.043508
  -9.935106  0.021926
  -9.902762 -0.068885
  -9.870418  0.010333
  -9.838074  0.007147
  -9.805730  0.127345
  -9.773386  0.013642
  -9.741042  0.116652
  -9.708698 -0.017057
  -9.676354  0.072272
  -9.644010 -0.063724
  -9.611666  0.060978
  -9.579322 -0.122869
  -9.546978  0.205193
  -9.514634 -0.050764
  -9.482290 -0.007621
  -9.449946 -0.011063
  -9.417602  0.109070
  -9.385258 -0.037233
  -9.352914  0.153539
  -9.320570 -0.023505
  -9.288226  0.238790
  -9.255882 -0.006784
  -9.223538  0.054488
  -9.191194  0.080382
  -9.158850  0.265973
  -9.126506 -0.054955
  -9.094162  0.020580
  -9.061818 -0.024799
  -9.029474  0.030962
  -8.997130 -0.052118
  -8.964786  0.014486
  -8.932442 -0.032770
  -8.900098  0.130916
  -8.867754 -0.041057
  -8.835410  0.073904
  -8.803066 -0.126313
  -8.770722  0.081517
  -8.738378 -0.057789
  -8.706034  0.000747
  -8.673690 -0.032685
  -8.641346  0.120839
  -8.609002 -0.012175
  -8.576658  0.056622
  -8.544314 -0.049516
  -8.511970  0.118564
  -8.479626 -0.012875
  -8.447282  0.098578
  -8.414938  0.004243
  -8.382594  0.245106
  -8.350250 -0.034391
  -8.317906  0.083054
  -8.285562 -0.003827
  -8.253218  0.229755
  -8.220874 -0.051639
  -8.188530  0.018353
  -8.156186 -0.094276
  -8.123842  0.158408
  -8.091498 -0.090232
  -8.059154 -0.097196
  -8.026810 -0.007472
  -7.994466  0.152866
  -7.962122 -0.015083
  -7.929778 -0.031900
  -7.897434  0.019683
  -7.865090  0.153117
  -7.832746 -0.135389
  -7.800402 -0.113167
  -7.768058  0.063412
  -7.735714  0.042609
  -7.703370 -0.277073
  -7.671026  0.096745
  -7.638682  0.062281
  -7.606338  0.142446
  -7.573994 -0.097269
  -7.541650 -0.019554
  -7.509306 -0.122910
  -7.476962  0.285946
  -7.444618  0.016646
  -7.412274  0.051805
  -7.379930 -0.015886
  -7.347586  0.112635
  -7.315242 -0.139503
  -7.282898  0.099056
  -7.250554 -0.084821
  -7.218210  0.185421
  -7.185866 -0.066191
  -7.153522  0.080303
  -7.121178 -0.041457
  -7.088834  0.264333
  -7.056490 -0.131654
  -7.024146  0.045550
  -6.991802  0.021368
  -6.959458  0.194358
  -6.927114 -0.168858
  -6.894770  0.070568
  -6.862426  0.040375
  -6.830082  0.107716
  -6.797738 -0.182766
  -6.765394  0.010056
  -6.733050 -0.114044
  -6.700706  0.111905
  -6.668362  0.018464
  -6.636018  0.175092
  -6.603674 -0.047930
  -6.571330  0.212698
  -6.538986 -0.107000
  -6.506642 -0.034288
  -6.474298 -0.097505
  -6.441954  0.106801
  -6.409610 -0.009573
  -6.377266  0.099318
  -6.344922  0.073052
  -6.312578  0.148132
  -6.280234  0.039084
  -6.247890  0.075949
  -6.215546 -0.035034
  -6.183202  0.162423
  -6.150858 -0.188804
  -6.118514 -0.063789
  -6.086170 -0.005770
  -6.053826  0.170793
  -6.021482 -0.115035
  -5.989138 -0.077380
  -5.956794  0.024378
  -5.924450  0.303394
  -5.892106  0.067981
  -5.859762 -0.008390
  -5.827418  0.183039
  -5.795074  0.190745
  -5.762730 -0.103689
  -5.730386 -0.008040
  -5.698042 -0.222734
  -5.665698 -0.049177
  -5.633354 -0.183559
  -5.601010 -0.153207
  -5.568666 -0.111668
  -5.536322  0.086043
  -5.503978 -0.201562
  -5.471634 -0.044071
  -5.439290 -0.096435
  -5.406946  0.140621
  -5.374602 -0.169111
  -5.342258  0.163399
  -5.309914 -0.003291
  -5.277570  0.157701
  -5.245226 -0.060848
  -5.212882 -0.028431
  -5.180538 -0.052228
  -5.148194  0.126086
  -5.115850 -0.031328
  -5.083506 -0.089939
  -5.051162 -0.041944
  -5.018818  0.096804
  -4.986474 -0.064435
  -4.954130  0.076883
  -4.921786  0.056522
  -4.889442  0.029658
  -4.857098 -0.107907
  -4.824754  0.051104
  -4.792410 -0.053138
  -4.760066  0.100269
  -4.727722 -0.152149
  -4.695378 -0.098456
  -4.663034 -0.043057
  -4.630690  0.143179
  -4.598346 -0.229595
  -4.566002  0.002404
  -4.533658 -0.090507
  -4.501314 -0.033772
  -4.468970 -0.128387
  -4.436626 -0.125329
  -4.404282 -0.054062
  -4.371938  0.013410
  -4.339594 -0.073448
  -4.307250 -0.069455
  -4.274906 -0.075330
  -4.242562 -0.051899
  -4.210218 -0.120637
  -4.177874  0.085566
  -4.145530  0.009515
  -4.113186  0.002771
  -4.080842 -0.207900
  -4.048498 -0.166284
  -4.016154 -0.071954
  -3.983810  0.074963
  -3.951466 -0.267283
  -3.919122 -0.038257
  -3.886778  0.003015
  -3.854434  0.173960
  -3.822090  0.099251
  -3.789746 -0.015649
  -3.757402 -0.175600
  -3.725058  0.132075
  -3.692714 -0.220525
  -3.660370 -0.016655
  -3.628026 -0.097335
  -3.595682 -0.001652
  -3.563338 -0.047256
  -3.530994 -0.112598
  -3.498650  0.181094
  -3.466306  0.181640
  -3.433962  0.033668
  -3.401618  0.128971
  -3.369274 -0.003668
  -3.336930  0.177700
  -3.304586 -0.197711
  -3.272242 -0.148111
  -3.239898 -0.050537
  -3.207554  0.079576
  -3.175210 -0.061393
  -3.142866 -0.045782
  -3.110522  0.105845
  -3.078178 -0.003801
  -3.045834 -0.231243
  -3.013490  0.069614
  -2.981146 -0.043863
  -2.948802  0.244985
  -2.916458  0.025503
  -2.884114 -0.028591
  -2.851770 -0.183853
  -2.819426  0.277965
  -2.787082 -0.162050
  -2.754738  0.090533
  -2.722394 -0.050537
  -2.690050  0.135594
  -2.657706 -0.186526
  -2.625362 -0.036697
  -2.593018 -0.141737
  -2.560674  0.153435
  -2.528330 -0.116837
  -2.495986 -0.061291
  -2.463642 -0.094662
  -2.431298  0.122533
  -2.398954 -0.155231
  -2.366610 -0.124798
  -2.334266 -0.139359
  -2.301922  0.155193
  -2.269578 -0.202913
  -2.237234 -0.078048
  -2.204890 -0.135900
  -2.172546  0.151420
  -2.140202 -0.099971
  -2.107858  0.037070
  -2.075514  0.007147
  -2.043170  0.112505
  -2.010826 -0.140338
  -1.978482  0.003145
  -1.946138 -0.063724
  -1.913794  0.120418
  -1.881450 -0.115613
  -1.849106  0.289215
  -1.816762  0.055912
  -1.784418  0.149099
  -1.752074 -0.008957
  -1.719730 -0.044309
  -1.687386 -0.014848
  -1.655042  0.298563
  -1.622698 -0.115488
  -1.590354  0.004572
  -1.558010 -0.202689
  -1.525666  0.098645
  -1.493322 -0.126313
  -1.460978  0.028341
  -1.428634 -0.060313
  -1.396290  0.101472
  -1.363946 -0.055752
  -1.331602  0.134622
  -1.299258 -0.054561
  -1.266914  0.155634
  -1.234570 -0.280020
  -1.202226 -0.097320
  -1.169882  0.011885
  -1.137538  0.140450
  -1.105194 -0.067144
  -1.072850  0.007147
  -1.040506 -0.059281
  -1.008162 -0.004029
  -0.975818 -0.147992
  -0.943474  0.038556
  -0.911130 -0.003349
  -0.878786  0.060925
  -0.846442 -0.077792
  -0.814098  0.090231
  -0.781754 -0.116152
  -0.749410  0.154627
  -0.717066 -0.137439
  -0.684722  0.065199
  -0.652378  0.015828
  -0.620034  0.093910
  -0.587690 -0.056272
  -0.555346  0.024941
  -0.523002  0.028514
  -0.490658 -0.011286
  -0.458314 -0.216082
  -0.425970 -0.045228
  -0.393626 -0.062089
  -0.361282  0.165788
  -0.328938 -0.173757
  -0.296594  0.125843
  -0.264250 -0.084830
  -0.231906  0.115298
  -0.199562 -0.031266
  -0.167218  0.284718
  -0.134874  0.164120
  -0.102530  0.862751
  -0.070186  1.235550
  -0.037842  2.477280
  -0.005498  2.715758
   0.026846  2.590128
   0.059190  1.760478
   0.091534  1.487866
   0.123878  0.886230
   0.156222  0.682097
   0.188566  0.178145
   0.220910  0.225163
   0.253254  0.180311
   0.285598  0.367651
   0.317942  0.143883
   0.350286  0.142709
   0.382630  0.375471
   0.414974  0.717693
   0.447318  0.357617
   0.479662  0.368896
   0.512006  0.657733
   0.544350  0.619146
   0.576694  0.394922
   0.609038  0.716014
   0.641382  0.823726
   0.673726  1.109237
   0.706070  0.712296
   0.738414  0.593824
   0.770758  0.687178
   0.803102  1.171052
   0.835446  1.243145
   0.867790  1.777402
   0.900134  1.649674
   0.932478  2.326734
   0.964822  2.359627
   0.997166  2.755983
   1.029510  3.081633
   1.061854  4.000609
   1.094198  3.679420
   1.126542  3.709443
   1.158886  3.975701
   1.191230  4.079346
   1.223574  3.017774
   1.255918  2.869949
   1.288262  2.458471
   1.320606  2.461195
   1.352950  1.866125
   1.385294  1.885617
   1.417638  1.629355
   1.449982  1.960067
   1.482326  1.598793
   1.514670  2.310905
   1.547014  2.034435
   1.579358  2.422650
   1.611702  2.042293
   1.644046  2.090004
   1.676390  2.109252
   1.708734  2.334048
   1.741078  2.289302
   1.773422  2.562899
   1.805766  2.283639
   1.838110  2.702850
   1.870454  2.037483
   1.902798  2.054496
   1.935142  1.694926
   1.967486  1.724963
   1.999830  1.535525
   2.032174  1.633373
   2.064518  1.357937
   2.096862  1.271668
   2.129206  1.312750
   2.161550  1.666615
   2.193894  1.119019
   2.226238  1.301298
   2.258582  1.006189
   2.290926  0.879262
   2.323270  1.027764
   2.355614  1.202383
   2.387958  0.818621
   2.420302  0.921850
   2.452646  0.922881
   2.484990  0.917854
   2.517334  0.683227
   2.549678  0.958716
   2.582022  1.020847
   2.614366  1.105925
   2.646710  0.816086
   2.679054  0.694996
   2.711398  0.714252
   2.743742  0.911578
   2.776086  0.890997
   2.808430  0.695275
   2.840774  0.617763
   2.873118  0.815580
   2.905462  0.850137
   2.937806  0.860820
   2.970150  0.786104
   3.002494  1.010222
   3.034838  0.721317
   3.067182  0.837281
   3.099526  0.726170
   3.131870  0.751126
   3.164214  0.490830
   3.196558  0.551418
   3.228902  0.589461
   3.261246  0.606428
   3.293590  0.317183
   3.325934  0.525118
   3.358278  0.556354
   3.390622  0.448140
   3.422966  0.309096
   3.455310  0.457995
   3.487654  0.504847
   3.519998  0.624513
   3.552342  0.455546
   3.584686  0.447744
   3.617030  0.308575
   3.649374  0.372212
   3.681718  0.221739
   3.714062  0.283257
   3.746406  0.271821
   3.778750  0.366968
   3.811094  0.232222
   3.843438  0.409115
   3.875782  0.261921
   3.908126  0.351772
   3.940470  0.153501
   3.972814  0.287792
   4.005158  0.446869
   4.037502  0.438987
   4.069846  0.397754
   4.102190  0.423859
   4.134534  0.074070
   4.166878  0.314483
   4.199222  0.058341
   4.231566  0.276700
   4.263910  0.203553
   4.296254  0.315273
   4.328598  0.097005
   4.360942  0.205024
   4.393286  0.141966
   4.425630  0.330043
   4.457974  0.042322
   4.490318  0.081761
   4.522662  0.213337
   4.555006  0.272684
   4.587350  0.152804
   4.619694  0.160605
   4.652038  0.129661
   4.684382  0.429568
   4.716726  0.117154
   4.749070  0.080550
   4.781414  0.160397
   4.813758  0.343040
   4.846102  0.064207
   4.878446  0.087174
   4.910790  0.132188
   4.943134  0.301049
   4.975478  0.149908
   5.007822  0.157012
   5.040166  0.246803
   5.072510  0.279100
   5.104854  0.009937
   5.137198  0.280733
   5.169542  0.213534
   5.201886  0.220989
   5.234230  0.003406
   5.266574  0.074874
   5.298918  0.043843
   5.331262  0.276893
   5.363606 -0.045441
   5.395950  0.045157
   5.428294  0.075547
   5.460638  0.313557
   5.492982  0.024746
   5.525326  0.130212
   5.557670  0.170442
   5.590014  0.121263
   5.622358  0.111192
   5.654702  0.039000
   5.687046  0.039325
   5.719390  0.248421
   5.751734  0.023265
   5.784078  0.177360
   5.816422  0.129333
   5.848766  0.209011
   5.881110  0.073711
   5.913454 -0.061393
   5.945798 -0.105073
   5.978142  0.181670
   6.010486  0.066444
   6.042830  0.125647
   6.075174  0.018684
   6.107518  0.305907
   6.139862  0.224524
   6.172206  0.045221
   6.204550  0.184489
   6.236894  0.200183
   6.269238  0.040076
   6.301582  0.018737
   6.333926 -0.097769
   6.366270  0.126225
   6.398614 -0.197045
   6.430958  0.097159
   6.463302 -0.011741
   6.495646  0.200127
   6.527990 -0.180763
   6.560334 -0.036316
   6.592678  0.017185
   6.625022  0.229401
   6.657366  0.161089
   6.689710  0.043969
   6.722054 -0.021246
   6.754398  0.028149
   6.786742 -0.085309
   6.819086 -0.009371
   6.851430  0.095661
   6.883774  0.109680
   6.916118 -0.064241
   6.948462  0.068191
   6.980806  0.153885
   7.013150  0.311602
   7.045494 -0.013449
   7.077838 -0.016719
   7.110182  0.165346
   7.142526  0.252492
   7.174870  0.004708
   7.207214  0.071693
   7.239558  0.001633
   7.271902  0.162022
   7.304246  0.016795
   7.336590 -0.111413
   7.368934  0.001871
   7.401278  0.233337
   7.433622 -0.122869
   7.465966  0.017031
   7.498310  0.054670
   7.530654  0.172388
   7.562998 -0.062391
   7.595342 -0.084355
   7.627686  0.058100
   7.660030  0.200285
   7.692374 -0.007466
   7.724718  0.058466
   7.757062  0.044741
   7.789406  0.231582
   7.821750 -0.085309
   7.854094 -0.124426
   7.886438 -0.088161
   7.918782  0.059107
   7.951126  0.012863
   7.983470 -0.000521
   8.015814 -0.026761
   8.048158  0.237588
   8.080502 -0.039682
   8.112846  0.029274
   8.145190 -0.027112
   8.177534  0.229617
   8.209878 -0.054464
   8.242222  0.033807
   8.274566 -0.035504
   8.306910  0.205405
   8.339254 -0.088441
   8.371598 -0.017074
   8.403942 -0.041600
   8.436286  0.172375
   8.468630  0.019058
   8.500974 -0.022235
   8.533318  0.008711
   8.565662  0.178142
   8.598006  0.021149
   8.630350  0.035307
   8.662694 -0.027328
   8.695038  0.140712
   8.727382 -0.057664
   8.759726  0.025883
   8.792070 -0.156102
   8.824414  0.138640
   8.856758 -0.156417
   8.889102  0.065110
   8.921446 -0.074991
   8.953790  0.133838
   8.986134 -0.039809
   9.018478  0.073031
   9.050822 -0.039215
   9.083166  0.080143
   9.115510 -0.125709
   9.147854  0.092308
   9.180198 -0.058872
   9.212542  0.163434
   9.244886  0.025140
   9.277230  0.020780
   9.309574 -0.084176
   9.341918  0.085765
   9.374262 -0.072101
   9.406606 -0.044337
   9.438950  0.074142
   9.471294 -0.003117
   9.503638  0.025883
   9.535982  0.046702
   9.568326  0.066578
   9.600670  0.065279
   9.633014 -0.176516
   9.665358 -0.002345
   9.697702 -0.061755
   9.730046  0.114016
   9.762390 -0.116734
   9.794734  0.037465
   9.827078  0.048736
   9.859422  0.098122
   9.891766 -0.055630
   9.924110 -0.039662
   9.956454 -0.068179
   9.988798  0.136562
  10.021142 -0.141922
  10.053486  0.001065
  10.085830 -0.070112
  10.118174 -0.056059
  10.150518 -0.056409
  10.182862  0.058516
  10.215206  0.102300
  10.247550  0.054488
  10.279894 -0.039443
  10.312238  0.006419
  10.344582 -0.101232
  10.376926  0.232026
  10.409270 -0.109662
  10.441614 -0.069309
  10.473958  0.064148
  10.506302  0.219856
  10.538646  0.016992
  10.570990  0.057755
  10.603334 -0.009833
  10.635678  0.111173
  10.668022 -0.125179
  10.700366  0.012163
  10.732710  0.077574
  10.765054  0.526013
  10.797398 -0.015440
  10.829742  0.154797
  10.862086  0.140974
  10.894430  0.257326
  10.926774  0.212115
  10.959118  0.222893
  10.991462  0.203424
  11.023806  0.328609
  11.056150  0.108527
  11.088494  0.150542
  11.120838  0.220806
  11.153182  0.251658
  11.185526  0.076589
  11.217870  0.101961
  11.250214  0.193157
  11.282558  0.237737
  11.314902  0.178830
  11.347246  0.292215
  11.379590  0.069432
  11.411934  0.264688
  11.444278  0.182694
  11.476622  0.167131
  11.508966  0.161454
  11.541310  0.574670
  11.573654  0.154988
  11.605998  0.375155
  11.638342  0.259171
  11.670686  0.363799
  11.703030  0.110771
  11.735374  0.286740
  11.767718  0.211177
  11.800062  0.323221
  11.832406 -0.065996
  11.864750  0.156129
  11.897094  0.125905
  11.929438  0.132301
  11.961782  0.131306
  11.994126  0.066760
  12.026470  0.040962
  12.058814  0.381343
  12.091158  0.191666
  12.123502  0.153371
  12.155846  0.215418
  12.188190  0.405142
  12.220534  0.182360
  12.252878  0.242601
  12.285222  0.136594
  12.317566  0.172157
  12.349910  0.179285
  12.382254  0.205124
  12.414598  0.240247
  12.446942  0.320924
  12.479286  0.098490
  12.511630  0.217589
  12.543974  0.266237
  12.576318  0.250346
  12.608662  0.243895
  12.641006  0.201562
  12.673350 -0.034905
  12.705694  0.176674
  12.738038  0.080790
  12.770382  0.221156
  12.802726  0.172041
  12.835070  0.293294
  12.867414  0.068955
  12.899758  0.220941
  12.932102  0.105965
  12.964446  0.339199
  12.996790  0.266266
  13.029134  0.257986
  13.061478  0.133003
  13.093822  0.441387
  13.126166  0.157258
  13.158510  0.136460
  13.190854  0.317838
  13.223198  0.292155
  13.255542  0.088270
  13.287886  0.114897
  13.320230  0.155371
  13.352574  0.303083
  13.384918  0.053269
  13.417262  0.197087
  13.449606  0.235637
  13.481950  0.233487
  13.514294  0.101959
  13.546638  0.194777
  13.578982  0.343824
  13.611326  0.268450
  13.643670  0.007230
  13.676014  0.163315
  13.708358  0.109784
  13.740702  0.318011
  13.773046  0.135966
  13.805390  0.156940
  13.837734  0.182472
  13.870078  0.249686
  13.902422  0.060480
  13.934766  0.164686
  13.967110  0.020030
  13.999454  0.494847
  14.031798  0.006525
  14.064142  0.202794
  14.096486  0.162017
  14.128830  0.475969
  14.161174  0.085746
  14.193518  0.079171
  14.225862  0.280600
  14.258206  0.281482
  14.290550  0.029279
  14.322894  0.226267
  14.355238  0.240920
  14.387582  0.249119
  14.419926 -0.071825
  14.452270  0.220146
  14.484614  0.110704
  14.516958  0.249862
  14.549302  0.062172
  14.581646  0.320191
  14.613990  0.141096
  14.646334  0.377848
  14.678678  0.175436
  14.711022  0.218629
  14.743366  0.156837
  14.775710  0.548070
  14.808054  0.136696
  14.840398  0.305565
  14.872742  0.214661
  14.905086  0.283196
  14.937430  0.161292
  14.969774  0.163760
  15.002118  0.135190
  15.034462  0.297322
  15.066806  0.035843
  15.099150  0.154503
  15.131494  0.148644
  15.163838  0.245274
  15.196182 -0.012136
  15.228526  0.027752
  15.260870  0.155248
  15.293214  0.349379
  15.325558  0.069868
  15.357902  0.199506
  15.390246  0.217677
  15.422590  0.403447
  15.454934 -0.053256
  15.487278  0.138249
  15.519622  0.315065
  15.551966  0.510244
  15.584310  0.069599
  15.616654  0.127510
  15.648998  0.120697
  15.681342  0.364466
  15.713686  0.022862
  15.746030  0.125796
  15.778374  0.237087
  15.810718  0.409119
  15.843062  0.027946
  15.875406  0.124731
  15.907750  0.214474
  15.940094  0.264969
  15.972438  0.157092
  16.004782  0.224321
  16.037126  0.135726
  16.069470  0.358562
  16.101814  0.065904
  16.134158  0.104214
  16.166502  0.171011
  16.198846  0.411393
  16.231190  0.132255
  16.263534  0.124942
  16.295878  0.203007
  16.328222  0.197295
  16.360566  0.025314
  16.392910  0.194505
  16.425254  0.211050
  16.457598  0.528280
  16.489942  0.154161
  16.522286  0.299068
  16.554630  0.241645
  16.586974  0.447696
  16.619318  0.062127
  16.651662  0.312182
  16.684006  0.125287
  16.716350  0.209473
  16.748694  0.078789
  16.781038  0.204982
  16.813382  0.163110
  16.845726  0.415801
  16.878070  0.216630
  16.910414  0.108380
  16.942758  0.132029
  16.975102  0.288734
  17.007446  0.094839
  17.039790  0.051846
  17.072134  0.112248
  17.104478  0.376810
  17.136822 -0.083934
  17.169166  0.173977
  17.201510  0.154445
  17.233854  0.212422
  17.266198  0.108527
  17.298542  0.078771
  17.330886  0.167609
  17.363230  0.274735
  17.395574  0.081600
  17.427918  0.166898
  17.460262  0.144917
  17.492606  0.294139
  17.524950  0.055754
  17.557294  0.079900
  17.589638  0.014384
  17.621982  0.428374
  17.654326  0.167776
  17.686670  0.108750
  17.719014  0.184489
  17.751358  0.389934
  17.783702  0.117154
  17.816046  0.095716
  17.848390  0.275874
  17.880734  0.396081
  17.913078  0.179514
  17.945422  0.464815
  17.977766  0.169895
  18.010110  0.264821
  18.042454  0.089092
  18.074798  0.258113
  18.107142  0.064259
  18.139486  0.402868
  18.171830  0.104479
  18.204174  0.311363
  18.236518  0.128662
  18.268862  0.365967
  18.301206 -0.000202
  18.333550  0.231141
  18.365894  0.163278
  18.398238  0.402339
  18.430582  0.084346
  18.462926  0.387206
  18.495270  0.137429
  18.527614  0.452125
  18.559958  0.153501
  18.592302  0.147787
  18.624646  0.138422
  18.656990  0.367725
  18.689334 -0.037548
  18.721678  0.136793
  18.754022  0.054619
  18.786366  0.338545
  18.818710  0.053134
  18.851054  0.194715
  18.883398  0.195343
  18.915742  0.525738
  18.948086  0.131849
  18.980430  0.208153
  19.012774  0.196266
  19.045118  0.390468
  19.077462  0.097099
  19.109806  0.275937
  19.142150  0.239347
  19.174494  0.184252
  19.206838 -0.004730
  19.239182  0.087899
  19.271526  0.221064
  19.303870  0.196313
  19.336214 -0.014336
  19.368558  0.146505
  19.400902  0.007714
  19.433246  0.291762
  19.465590  0.095453
  19.497934  0.239495
  19.530278  0.298823
  19.562622  0.260734
  19.594966  0.037004
  19.627310  0.093499
  19.659654  0.204625
  19.691998  0.358609
  19.724342 -0.026604
  19.756686  0.150727
  19.789030  0.167371
  19.821374  0.356509
  19.853718  0.209951
  19.886062  0.354146
  19.918406  0.239853
  19.950750  0.395509
  19.983094  0.085746
  20.015438  0.280680
  20.047782  0.263202
  20.080126  0.423193
  20.112470  0.124959
  20.144814  0.088370
  20.177158  0.176001
  20.209502  0.292272
  20.241846  0.093206
  20.274190  0.064659
  20.306534  0.305834
  20.338878  0.385261
  20.371222  0.100793
  20.403566  0.255776
  20.435910  0.171110
  20.468254  0.319453
  20.500598  0.089376
  20.532942  0.146838
  20.565286  0.134189
  20.597630  0.365659
  20.629974  0.218140
  20.662318  0.184126
  20.694662  0.228882
  20.727006  0.319709
  20.759350  0.058196
  20.791694  0.190277
  20.824038  0.249358
  20.856382  0.202555
  20.888726  0.193052
  20.921070  0.313348
  20.953414  0.120132
  20.985758  0.284330
  21.018102  0.093033
  21.050446  0.144851
  21.082790  0.101546
  21.115134  0.364507
  21.147478  0.091898
  21.179822  0.075187
  21.212166  0.115331
  21.244510  0.267007
  21.276854  0.132414
  21.309198  0.237737
  21.341542  0.208973
  21.373886  0.242762
  21.406230  0.050327
  21.438574  0.314391
  21.470918  0.255897
  21.503262  0.392632
  21.535606  0.044714
  21.567950  0.228706
  21.600294  0.119990
  21.632638  0.343533
  21.664982  0.027390
  21.697326  0.208251
  21.729670 -0.119374
  21.762014  0.413650
  21.794358  0.039667
  21.826702  0.285463
  21.859046  0.104145
  21.891390  0.336674
  21.923734  0.140865
  21.956078  0.261528
  21.988422  0.086742
  22.020766  0.384794
  22.053110  0.031366
  22.085454  0.135594
  22.117798  0.099122
  22.150142  0.362292
  22.182486  0.163037
  22.214830  0.185717
  22.247174  0.133917
  22.279518  0.398921
  22.311862  0.062842
  22.344206  0.139337
  22.376550  0.180529
  22.408894  0.220514
  22.441238  0.088056
  22.473582  0.261220
  22.505926  0.043636
  22.538270  0.338146
  22.570614 -0.005001
  22.602958  0.062164
  22.635302 -0.076636
  22.667646  0.345169
  22.699990 -0.002962
  22.732334  0.275046
  22.764678  0.116164
  22.797022  0.440946
  22.829366  0.096031
  22.861710  0.302477
  22.894054  0.113476
  22.926398  0.294870
  22.958742  0.136415
  22.991086  0.262084
  23.023430  0.222690
  23.055774  0.366707
  23.088118 -0.023996
  23.120462  0.193488
  23.152806  0.120836
  23.185150  0.176249
  23.217494  0.120697
  23.249838  0.015112
  23.282182  0.051393
  23.314526  0.222667
  23.346870 -0.030592
  23.379214  0.126641
  23.411558  0.132653
  23.443902  0.115464
  23.476246 -0.094191
  23.508590  0.182694
  23.540934  0.115442
  23.573278  0.172620
  23.605622  0.039084
  23.637966  0.213819
  23.670310  0.237969
  23.702654  0.235468
  23.734998 -0.035380
  23.767342  0.150238
  23.799686  0.019058
  23.832030  0.299823
  23.864374  0.054884
  23.896718  0.105756
  23.929062 -0.033294
  23.961406  0.295620
  23.993750  0.245026
  24.026094  0.078363
  24.058438 -0.113161
  24.090782  0.293006
  24.123126  0.067541
  24.155470  0.181196
  24.187814 -0.046017
  24.220158  0.263202
  24.252502 -0.041113
  24.284846  0.079171
  24.317190  0.106142
  24.349534  0.143975
  24.381878  0.061514
  24.414222  0.060360
  24.446566 -0.013801
  24.478910  0.363378
  24.511254 -0.049298
  24.543598  0.215888
  24.575942  0.159472
  24.608286  0.311415
  24.640630  0.185947
  24.672974  0.082221
  24.705318  0.215890
  24.737662  0.192794
  24.770006 -0.045335
  24.802350  0.118998
  24.834694  0.146223
  24.867038  0.322993
  24.899382  0.060069
  24.931726  0.148224
  24.964070  0.081361
  24.996414  0.289831
  25.028758  0.164016
  25.061102  0.146000
  25.093446  0.118430
  25.125790  0.119280
  25.158134  0.045932
  25.190478  0.156837
  25.222822  0.014350
  25.255166  0.254386
  25.287510 -0.092886
  25.319854  0.267726
  25.352198  0.154194
  25.384542  0.263340
  25.416886  0.218209
  25.449230  0.279668
  25.481574  0.123665
  25.513918  0.124524
  25.546262 -0.137605
  25.578606  0.172827
  25.610950  0.080863
  25.643294  0.295327
  25.675638  0.008678
  25.707982  0.096793
  25.740326  0.101999
  25.772670  0.305614
  25.805014  0.066302
  25.837358  0.088966
  25.869702  0.186643
  25.902046  0.228581
  25.934390  0.003308
  25.966734  0.090860
  25.999078  0.115030
  26.031422  0.325168
  26.063766  0.050436
  26.096110  0.256268
  26.128454  0.057330
  26.160798  0.231409
  26.193142  0.080549
  26.225486  0.122819
  26.257830  0.093297
  26.290174  0.324681
  26.322518  0.031526
  26.354862  0.087491
  26.387206 -0.030109
  26.419550  0.226267
  26.451894  0.084608
  26.484238  0.157063
  26.516582  0.231400
  26.548926  0.270852
  26.581270  0.022316
  26.613614  0.224478
  26.645958  0.136429
  26.678302  0.314142
  26.710646 -0.026546
  26.742990  0.157431
  26.775334  0.119014
  26.807678  0.370817
  26.840022  0.000208
  26.872366  0.195610
  26.904710  0.082372
  26.937054  0.279036
  26.969398  0.009098
  27.001742  0.196344
  27.034086  0.158113
  27.066430  0.391122
  27.098774  0.008255
  27.131118  0.270353
  27.163462  0.081845
  27.195806  0.243655
  27.228150  0.064261
  27.260494  0.288707
  27.292838  0.438589
  27.325182  0.442576
  27.357526  0.290002