 Eloss (eV)  Counts/s
 -38.861316 -0.149957
 -38.828972 -0.123198
 -38.796628 -0.065306
 -38.764284  0.071858
 -38.731940 -0.119796
 -38.699596 -0.138101
 -38.667252 -0.008360
 -38.634908  0.095797
 -38.602564 -0.055913
 -38.570220 -0.148576
 -38.537876 -0.000339
 -38.505532  0.109047
 -38.473188  0.016094
 -38.440844 -0.259298
 -38.408500 -0.079329
 -38.376156  0.012340
 -38.343812 -0.142349
 -38.311468 -0.207771
 -38.279124 -0.110414
 -38.246780 -0.118598
 -38.214436 -0.175679
 -38.182092 -0.122866
 -38.149748 -0.026992
 -38.117404  0.010639
 -38.085060 -0.123687
 -38.052716 -0.290299
 -38.020372 -0.007195
 -37.988028  0.153229
 -37.955684 -0.233081
 -37.923340  0.054146
 -37.890996  0.049321
 -37.858652  0.109099
 -37.826308 -0.270462
 -37.793964 -0.206252
 -37.761620 -0.014639
 -37.729276  0.022098
 -37.696932 -0.199407
 -37.664588 -0.220543
 -37.632244 -0.055896
 -37.599900  0.074533
 -37.567556 -0.188551
 -37.535212 -0.047676
 -37.502868 -0.073831
 -37.470524  0.034106
 -37.438180 -0.058193
 -37.405836 -0.058598
 -37.373492 -0.067777
 -37.341148  0.046908
 -37.308804 -0.075738
 -37.276460 -0.065364
 -37.244116 -0.246839
 -37.211772 -0.003526
 -37.179428 -0.181973
 -37.147084 -0.136115
 -37.114740  0.005540
 -37.082396  0.076542
 -37.050052 -0.184626
 -37.017708 -0.201904
 -36.985364 -0.189238
 -36.953020  0.044080
 -36.920676 -0.172470
 -36.888332 -0.124455
 -36.855988 -0.157492
 -36.823644 -0.105628
 -36.791300 -0.190868
 -36.758956 -0.118207
 -36.726612 -0.153581
 -36.694268  0.109798
 -36.661924 -0.155684
 -36.629580 -0.281158
 -36.597236 -0.168387
 -36.564892 -0.024384
 -36.532548 -0.167280
 -36.500204 -0.155381
 -36.467860 -0.006088
 -36.435516  0.091899
 -36.403172 -0.197310
 -36.370828 -0.182619
 -36.338484 -0.071840
 -36.306140  0.023907
 -36.273796 -0.179481
 -36.241452 -0.237493
 -36.209108 -0.087587
 -36.176764 -0.001958
 -36.144420 -0.213991
 -36.112076 -0.097234
 -36.079732 -0.076185
 -36.047388  0.015016
 -36.015044 -0.213496
 -35.982700 -0.237495
 -35.950356 -0.114612
 -35.918012  0.009658
 -35.885668 -0.331979
 -35.853324  0.012092
 -35.820980 -0.232559
 -35.788636  0.085831
 -35.756292 -0.254991
 -35.723948 -0.265184
 -35.691604 -0.208459
 -35.659260 -0.070706
 -35.626916 -0.321433
 -35.594572 -0.074037
 -35.562228 -0.174077
 -35.529884  0.137086
 -35.497540 -0.067361
 -35.465196 -0.138426
 -35.432852  0.081537
 -35.400508  0.126974
 -35.368164 -0.347577
 -35.335820 -0.193813
 -35.303476 -0.113679
 -35.271132  0.112258
 -35.238788 -0.262816
 -35.206444 -0.129632
 -35.174100 -0.124252
 -35.141756  0.095468
 -35.109412 -0.174238
 -35.077068 -0.138147
 -35.044724 -0.204234
 -35.012380  0.043673
 -34.980036 -0.133790
 -34.947692 -0.089705
 -34.915348 -0.255337
 -34.883004 -0.054936
 -34.850660 -0.107623
 -34.818316 -0.033948
 -34.785972 -0.103664
 -34.753628  0.182003
 -34.721284 -0.233099
 -34.688940 -0.194840
 -34.656596 -0.089805
 -34.624252 -0.132149
 -34.591908 -0.101592
 -34.559564 -0.123198
 -34.527220 -0.202082
 -34.494876 -0.083929
 -34.462532 -0.300483
 -34.430188 -0.137803
 -34.397844 -0.025849
 -34.365500  0.094571
 -34.333156 -0.164131
 -34.300812 -0.182658
 -34.268468 -0.082659
 -34.236124  0.129457
 -34.203780 -0.309101
 -34.171436 -0.167256
 -34.139092 -0.088927
 -34.106748  0.198643
 -34.074404 -0.090066
 -34.042060 -0.203691
 -34.009716 -0.127849
 -33.977372  0.088206
 -33.945028 -0.237447
 -33.912684 -0.097891
 -33.880340 -0.152538
 -33.847996  0.114020
 -33.815652 -0.181602
 -33.783308 -0.106810
 -33.750964 -0.181298
 -33.718620 -0.023489
 -33.686276 -0.275287
 -33.653932 -0.128710
 -33.621588 -0.157357
 -33.589244 -0.055329
 -33.556900 -0.159909
 -33.524556 -0.119094
 -33.492212 -0.113904
 -33.459868 -0.019239
 -33.427524 -0.132985
 -33.395180 -0.249086
 -33.362836 -0.112855
 -33.330492  0.055599
 -33.298148 -0.133292
 -33.265804 -0.042322
 -33.233460  0.045207
 -33.201116  0.018978
 -33.168772 -0.207947
 -33.136428 -0.116657
 -33.104084 -0.218107
 -33.071740  0.052731
 -33.039396 -0.286914
 -33.007052 -0.273587
 -32.974708  0.046148
 -32.942364 -0.034245
 -32.910020 -0.166690
 -32.877676 -0.117491
 -32.845332 -0.081588
 -32.812988 -0.027325
 -32.780644 -0.183795
 -32.748300 -0.057414
 -32.715956 -0.168387
 -32.683612 -0.033894
 -32.651268 -0.167401
 -32.618924 -0.154839
 -32.586580 -0.145732
 -32.554236  0.109927
 -32.521892 -0.257599
 -32.489548 -0.099801
 -32.457204 -0.186851
 -32.424860 -0.106120
 -32.392516 -0.113298
 -32.360172 -0.244108
 -32.327828 -0.315341
 -32.295484 -0.028572
 -32.263140 -0.298991
 -32.230796 -0.170892
 -32.198452 -0.038735
 -32.166108  0.034949
 -32.133764 -0.246965
 -32.101420 -0.103212
 -32.069076 -0.131840
 -32.036732  0.036700
 -32.004388 -0.128704
 -31.972044 -0.178816
 -31.939700 -0.124545
 -31.907356  0.053322
 -31.875012 -0.251007
 -31.842668 -0.204808
 -31.810324 -0.129870
 -31.777980  0.076455
 -31.745636 -0.251236
 -31.713292 -0.204234
 -31.680948 -0.241876
 -31.648604 -0.066234
 -31.616260 -0.235470
 -31.583916 -0.176147
 -31.551572 -0.144046
 -31.519228  0.022538
 -31.486884 -0.174047
 -31.454540 -0.008927
 -31.422196 -0.008710
 -31.389852 -0.055044
 -31.357508 -0.296270
 -31.325164 -0.155920
 -31.292820 -0.141496
 -31.260476 -0.029930
 -31.228132 -0.259766
 -31.195788 -0.179444
 -31.163444 -0.240043
 -31.131100 -0.050081
 -31.098756 -0.208250
 -31.066412 -0.105290
 -31.034068  0.009825
 -31.001724  0.017918
 -30.969380 -0.302906
 -30.937036 -0.003802
 -30.904692 -0.117832
 -30.872348  0.115412
 -30.840004 -0.247092
 -30.807660 -0.100626
 -30.775316 -0.211407
 -30.742972 -0.035247
 -30.710628 -0.262766
 -30.678284 -0.040792
 -30.645940 -0.242307
 -30.613596 -0.088998
 -30.581252 -0.190110
 -30.548908 -0.144321
 -30.516564 -0.086379
 -30.484220  0.093805
 -30.451876 -0.211905
 -30.419532 -0.011023
 -30.387188 -0.142916
 -30.354844 -0.093986
 -30.322500 -0.207722
 -30.290156 -0.067517
 -30.257812 -0.109051
 -30.225468  0.090134
 -30.193124 -0.057427
 -30.160780 -0.099067
 -30.128436 -0.118207
 -30.096092  0.167256
 -30.063748 -0.172618
 -30.031404 -0.028457
 -29.999060 -0.080649
 -29.966716 -0.089705
 -29.934372 -0.222812
 -29.902028 -0.324212
 -29.869684 -0.239807
 -29.837340 -0.032674
 -29.804996 -0.315341
 -29.772652 -0.178649
 -29.740308 -0.124217
 -29.707964  0.012855
 -29.675620 -0.161714
 -29.643276 -0.116959
 -29.610932 -0.003099
 -29.578588  0.057139
 -29.546244 -0.130739
 -29.513900  0.006673
 -29.481556  0.042194
 -29.449212  0.101622
 -29.416868 -0.080877
 -29.384524 -0.107982
 -29.352180 -0.095272
 -29.319836  0.148606
 -29.287492 -0.220797
 -29.255148 -0.098416
 -29.222804  0.099631
 -29.190460  0.021559
 -29.158116 -0.200030
 -29.125772 -0.026647
 -29.093428 -0.125041
 -29.061084  0.043134
 -29.028740 -0.134688
 -28.996396  0.038443
 -28.964052 -0.062135
 -28.931708  0.076411
 -28.899364 -0.353570
 -28.867020 -0.219886
 -28.834676 -0.076621
 -28.802332  0.007775
 -28.769988 -0.121991
 -28.737644 -0.042390
 -28.705300 -0.034812
 -28.672956  0.094924
 -28.640612 -0.244573
 -28.608268 -0.078953
 -28.575924 -0.032882
 -28.543580  0.124530
 -28.511236 -0.354764
 -28.478892 -0.087913
 -28.446548 -0.034782
 -28.414204 -0.021899
 -28.381860 -0.229612
 -28.349516 -0.256572
 -28.317172 -0.081876
 -28.284828 -0.019780
 -28.252484 -0.137851
 -28.220140 -0.091349
 -28.187796 -0.015397
 -28.155452 -0.006528
 -28.123108 -0.124235
 -28.090764 -0.058972
 -28.058420 -0.153200
 -28.026076 -0.054784
 -27.993732 -0.100292
 -27.961388 -0.110319
 -27.929044 -0.092077
 -27.896700  0.139695
 -27.864356 -0.195256
 -27.832012  0.038404
 -27.799668 -0.078582
 -27.767324  0.091232
 -27.734980 -0.271680
 -27.702636 -0.136665
 -27.670292 -0.046589
 -27.637948  0.001287
 -27.605604 -0.267515
 -27.573260 -0.062935
 -27.540916  0.034571
 -27.508572  0.153785
 -27.476228 -0.176337
 -27.443884 -0.029819
 -27.411540 -0.050739
 -27.379196  0.067930
 -27.346852 -0.223699
 -27.314508 -0.171131
 -27.282164 -0.066269
 -27.249820 -0.048762
 -27.217476 -0.179555
 -27.185132 -0.126467
 -27.152788  0.053599
 -27.120444  0.217872
 -27.088100 -0.182922
 -27.055756 -0.015490
 -27.023412  0.060128
 -26.991068  0.047657
 -26.958724 -0.162787
 -26.926380 -0.112497
 -26.894036 -0.059451
 -26.861692 -0.041139
 -26.829348 -0.015523
 -26.797004 -0.107542
 -26.764660 -0.109673
 -26.732316  0.147206
 -26.699972 -0.054155
 -26.667628  0.117011
 -26.635284  0.044074
 -26.602940  0.121920
 -26.570596 -0.079329
 -26.538252  0.020151
 -26.505908 -0.009997
 -26.473564  0.153564
 -26.441220 -0.129118
 -26.408876 -0.069862
 -26.376532  0.025706
 -26.344188  0.039560
 -26.311844 -0.070988
 -26.279500 -0.167576
 -26.247156 -0.100694
 -26.214812  0.111211
 -26.182468 -0.106192
 -26.150124 -0.034583
 -26.117780 -0.011766
 -26.085436  0.062792
 -26.053092 -0.207412
 -26.020748 -0.104083
 -25.988404 -0.149400
 -25.956060 -0.007761
 -25.923716 -0.125884
 -25.891372 -0.142916
 -25.859028  0.021607
 -25.826684 -0.090631
 -25.794340 -0.224752
 -25.761996  0.079058
 -25.729652 -0.120774
 -25.697308 -0.031731
 -25.664964 -0.150266
 -25.632620 -0.134975
 -25.600276 -0.114584
 -25.567932  0.035393
 -25.535588 -0.206624
 -25.503244 -0.058889
 -25.470900  0.061068
 -25.438556  0.193077
 -25.406212 -0.092893
 -25.373868 -0.098283
 -25.341524  0.033304
 -25.309180  0.120412
 -25.276836 -0.175180
 -25.244492 -0.037397
 -25.212148  0.007657
 -25.179804  0.170299
 -25.147460 -0.167576
 -25.115116 -0.000900
 -25.082772 -0.025282
 -25.050428  0.100096
 -25.018084 -0.039948
 -24.985740 -0.083166
 -24.953396  0.045962
 -24.921052  0.052756
 -24.888708 -0.060430
 -24.856364 -0.031985
 -24.824020  0.009091
 -24.791676  0.010032
 -24.759332 -0.173130
 -24.726988 -0.157066
 -24.694644 -0.040327
 -24.662300  0.023249
 -24.629956 -0.019315
 -24.597612 -0.187544
 -24.565268 -0.018553
 -24.532924  0.043313
 -24.500580 -0.101714
 -24.468236  0.012081
 -24.435892  0.015220
 -24.403548  0.150044
 -24.371204 -0.100343
 -24.338860 -0.089215
 -24.306516  0.080478
 -24.274172  0.029460
 -24.241828 -0.020564
 -24.209484 -0.034110
 -24.177140 -0.003909
 -24.144796  0.130492
 -24.112452 -0.121636
 -24.080108 -0.091948
 -24.047764 -0.070848
 -24.015420  0.013059
 -23.983076 -0.149421
 -23.950732 -0.184457
 -23.918388  0.082561
 -23.886044  0.180973
 -23.853700 -0.108918
 -23.821356 -0.147735
 -23.789012  0.040787
 -23.756668  0.264487
 -23.724324 -0.081769
 -23.691980  0.038598
 -23.659636 -0.072792
 -23.627292  0.124520
 -23.594948 -0.077252
 -23.562604 -0.103933
 -23.530260  0.136997
 -23.497916  0.119078
 -23.465572 -0.104044
 -23.433228 -0.034446
 -23.400884 -0.052883
 -23.368540  0.108823
 -23.336196 -0.059622
 -23.303852 -0.115069
 -23.271508  0.051062
 -23.239164  0.084925
 -23.206820 -0.172769
 -23.174476 -0.069677
 -23.142132 -0.107323
 -23.109788 -0.107184
 -23.077444 -0.127310
 -23.045100 -0.175614
 -23.012756 -0.098588
 -22.980412  0.191841
 -22.948068 -0.204801
 -22.915724 -0.089051
 -22.883380  0.095890
 -22.851036  0.263838
 -22.818692 -0.042390
 -22.786348 -0.127921
 -22.754004  0.087936
 -22.721660  0.061961
 -22.689316 -0.068935
 -22.656972  0.062700
 -22.624628 -0.120501
 -22.592284  0.074935
 -22.559940 -0.023807
 -22.527596 -0.142915
 -22.495252  0.012340
 -22.462908  0.184388
 -22.430564 -0.254652
 -22.398220  0.423132
 -22.365876  0.053810
 -22.333532  0.202213
 -22.301188 -0.154607
 -22.268844 -0.088626
 -22.236500 -0.007545
 -22.204156 -0.060192
 -22.171812 -0.190777
 -22.139468 -0.066723
 -22.107124  0.049159
 -22.074780  0.133791
 -22.042436 -0.150806
 -22.010092 -0.086509
 -21.977748 -0.125127
 -21.945404  0.256291
 -21.913060  0.091733
 -21.880716  0.029167
 -21.848372 -0.121991
 -21.816028  0.125029
 -21.783684 -0.150273
 -21.751340 -0.111721
 -21.718996 -0.024842
 -21.686652 -0.058589
 -21.654308 -0.049176
 -21.621964 -0.053051
 -21.589620  0.044459
 -21.557276  0.036524
 -21.524932  0.062136
 -21.492588  0.002552
 -21.460244 -0.009468
 -21.427900  0.140403
 -21.395556 -0.197878
 -21.363212  0.006612
 -21.330868 -0.058972
 -21.298524  0.096363
 -21.266180 -0.072683
 -21.233836 -0.049289
 -21.201492 -0.038760
 -21.169148  0.081638
 -21.136804  0.014450
 -21.104460 -0.025553
 -21.072116  0.048972
 -21.039772  0.209983
 -21.007428 -0.071274
 -20.975084 -0.206377
 -20.942740  0.024272
 -20.910396  0.147763
 -20.878052 -0.194579
 -20.845708 -0.136974
 -20.813364 -0.113961
 -20.781020  0.143944
 -20.748676 -0.215123
 -20.716332 -0.059632
 -20.683988 -0.163293
 -20.651644  0.209875
 -20.619300 -0.048741
 -20.586956 -0.061888
 -20.554612  0.010542
 -20.522268  0.064855
 -20.489924 -0.089805
 -20.457580 -0.004301
 -20.425236 -0.084151
 -20.392892  0.136573
 -20.360548 -0.065670
 -20.328204  0.056720
 -20.295860 -0.046405
 -20.263516 -0.069603
 -20.231172 -0.148600
 -20.198828 -0.130462
 -20.166484 -0.060511
 -20.134140  0.107193
 -20.101796 -0.092070
 -20.069452 -0.068415
 -20.037108 -0.036813
 -20.004764  0.170053
 -19.972420 -0.059171
 -19.940076 -0.023582
 -19.907732 -0.087387
 -19.875388  0.082931
 -19.843044 -0.001400
 -19.810700 -0.114716
 -19.778356 -0.008758
 -19.746012  0.129926
 -19.713668 -0.154513
 -19.681324 -0.185978
 -19.648980 -0.046589
 -19.616636  0.192620
 -19.584292 -0.064967
 -19.551948  0.038971
 -19.519604 -0.032094
 -19.487260  0.213597
 -19.454916  0.018646
 -19.422572 -0.037664
 -19.390228 -0.078575
 -19.357884  0.227754
 -19.325540 -0.113346
 -19.293196 -0.138952
 -19.260852 -0.052494
 -19.228508  0.120868
 -19.196164 -0.090269
 -19.163820 -0.163418
 -19.131476 -0.000621
 -19.099132  0.018785
 -19.066788  0.017439
 -19.034444  0.010129
 -19.002100  0.045195
 -18.969756  0.085942
 -18.937412 -0.153692
 -18.905068  0.025571
 -18.872724  0.056036
 -18.840380  0.255079
 -18.808036 -0.074354
 -18.775692 -0.135562
 -18.743348  0.054640
 -18.711004  0.173637
 -18.678660 -0.209080
 -18.646316  0.052577
 -18.613972 -0.023201
 -18.581628  0.099631
 -18.549284 -0.184938
 -18.516940  0.081588
 -18.484596  0.047847
 -18.452252  0.286515
 -18.419908 -0.203605
 -18.387564 -0.002597
 -18.355220 -0.035347
 -18.322876  0.208367
 -18.290532 -0.083166
 -18.258188  0.044451
 -18.225844 -0.091970
 -18.193500  0.125613
 -18.161156 -0.029907
 -18.128812  0.003492
 -18.096468  0.063154
 -18.064124  0.158794
 -18.031780  0.039152
 -17.999436 -0.063414
 -17.967092  0.042088
 -17.934748  0.042956
 -17.902404 -0.154501
 -17.870060 -0.136097
 -17.837716  0.000582
 -17.805372  0.086397
 -17.773028 -0.044706
 -17.740684  0.062587
 -17.708340 -0.033881
 -17.675996  0.140536
 -17.643652  0.010803
 -17.611308  0.104453
 -17.578964  0.082034
 -17.546620  0.067272
 -17.514276 -0.033174
 -17.481932 -0.036265
 -17.449588  0.042745
 -17.417244  0.157394
 -17.384900 -0.085177
 -17.352556 -0.018924
 -17.320212  0.075018
 -17.287868  0.119736
 -17.255524 -0.101511
 -17.223180 -0.090785
 -17.190836  0.007031
 -17.158492  0.021722
 -17.126148 -0.019123
 -17.093804 -0.005305
 -17.061460  0.096108
 -17.029116  0.144222
 -16.996772 -0.130136
 -16.964428  0.097634
 -16.932084 -0.060675
 -16.899740  0.105657
 -16.867396  0.018412
 -16.835052 -0.127993
 -16.802708 -0.148027
 -16.770364  0.152977
 -16.738020 -0.015771
 -16.705676  0.122303
 -16.673332  0.056734
 -16.640988  0.241334
 -16.608644 -0.049503
 -16.576300 -0.131150
 -16.543956 -0.003864
 -16.511612  0.169166
 -16.479268  0.014068
 -16.446924 -0.002768
 -16.414580 -0.071732
 -16.382236  0.055229
 -16.349892 -0.043169
 -16.317548 -0.027102
 -16.285204  0.037494
 -16.252860  0.241567
 -16.220516 -0.039954
 -16.188172 -0.014753
 -16.155828  0.111489
 -16.123484  0.078681
 -16.091140 -0.156224
 -16.058796 -0.000693
 -16.026452 -0.123140
 -15.994108  0.124982
 -15.961764 -0.232525
 -15.929420  0.055066
 -15.897076 -0.113663
 -15.864732  0.137572
 -15.832388 -0.097517
 -15.800044 -0.013638
 -15.767700 -0.078448
 -15.735356  0.221888
 -15.703012 -0.024394
 -15.670668 -0.088819
 -15.638324  0.032585
 -15.605980  0.104443
 -15.573636 -0.126256
 -15.541292 -0.040661
 -15.508948  0.033326
 -15.476604  0.222818
 -15.444260 -0.125417
 -15.411916 -0.062778
 -15.379572 -0.028231
 -15.347228  0.122718
 -15.314884 -0.027779
 -15.282540 -0.088477
 -15.250196 -0.042928
 -15.217852  0.004277
 -15.185508 -0.073743
 -15.153164 -0.053327
 -15.120820 -0.058340
 -15.088476  0.174071
 -15.056132 -0.027670
 -15.023788 -0.024160
 -14.991444  0.078218
 -14.959100  0.109868
 -14.926756 -0.119388
 -14.894412 -0.009277
 -14.862068 -0.122615
 -14.829724  0.121173
 -14.797380  0.017906
 -14.765036 -0.091291
 -14.732692 -0.165238
 -14.700348  0.182569
 -14.668004 -0.082972
 -14.635660 -0.051269
 -14.603316 -0.042191
 -14.570972  0.305344
 -14.538628 -0.054784
 -14.506284 -0.102381
 -14.473940 -0.182602
 -14.441596  0.233706
 -14.409252  0.029139
 -14.376908  0.031674
 -14.344564  0.039923
 -14.312220  0.034438
 -14.279876 -0.104083
 -14.247532  0.082257
 -14.215188  0.044060
 -14.182844  0.175025
 -14.150500 -0.051337
 -14.118156  0.016306
 -14.085812 -0.041522
 -14.053468  0.234927
 -14.021124 -0.079643
 -13.988780 -0.096974
 -13.956436 -0.021332
 -13.924092  0.215924
 -13.891748 -0.012811
 -13.859404  0.183256
 -13.827060 -0.071910
 -13.794716  0.123170
 -13.762372 -0.119457
 -13.730028 -0.087789
 -13.697684 -0.088424
 -13.665340  0.163408
 -13.632996 -0.084948
 -13.600652  0.057988
 -13.568308  0.140972
 -13.535964  0.094454
 -13.503620 -0.003186
 -13.471276 -0.029251
 -13.438932 -0.022088
 -13.406588  0.103726
 -13.374244 -0.076394
 -13.341900  0.030598
 -13.309556  0.126325
 -13.277212  0.181717
 -13.244868 -0.011023
 -13.212524  0.032149
 -13.180180 -0.109654
 -13.147836  0.114587
 -13.115492 -0.061969
 -13.083148  0.058235
 -13.050804 -0.094041
 -13.018460  0.166510
 -12.986116 -0.266192
 -12.953772 -0.097199
 -12.921428  0.116391
 -12.889084  0.137419
 -12.856740 -0.225816
 -12.824396 -0.017125
 -12.792052  0.005182
 -12.759708  0.227401
 -12.727364 -0.085089
 -12.695020  0.100652
 -12.662676  0.095561
 -12.630332  0.172694
 -12.597988 -0.103516
 -12.565644  0.034827
 -12.533300 -0.075671
 -12.500956  0.117472
 -12.468612 -0.256808
 -12.436268  0.132336
 -12.403924 -0.037062
 -12.371580  0.004115
 -12.339236 -0.154524
 -12.306892 -0.072861
 -12.274548 -0.044735
 -12.242204  0.120868
 -12.209860 -0.001965
 -12.177516  0.035004
 -12.145172  0.018368
 -12.112828  0.205558
 -12.080484  0.004973
 -12.048140  0.011572
 -12.015796  0.099273
 -11.983452  0.205905
 -11.951108  0.033459
 -11.918764  0.120759
 -11.886420 -0.016808
 -11.854076  0.105512
 -11.821732 -0.069153
 -11.789388  0.133425
 -11.757044 -0.018992
 -11.724700  0.354869
 -11.692356 -0.088047
 -11.660012  0.151982
 -11.627668  0.037614
 -11.595324  0.310556
 -11.562980 -0.005849
 -11.530636 -0.124737
 -11.498292  0.160794
 -11.465948  0.159193
 -11.433604  0.005099
 -11.401260 -0.007492
 -11.368916  0.057837
 -11.336572  0.120323
 -11.304228 -0.119055
 -11.271884  0.005718
 -11.239540  0.066140
 -11.207196  0.124899
 -11.174852 -0.027663
 -11.142508  0.067629
 -11.110164  0.217948
 -11.077820  0.237378
 -11.045476 -0.038760
 -11.013132  0.002851
 -10.980788  0.108030
 -10.948444  0.264888
 -10.916100 -0.165994
 -10.883756  0.020877
 -10.851412  0.044447
 -10.819068 -0.014569
 -10.786724 -0.101592
 -10.754380 -0.023595
 -10.722036  0.103154
 -10.689692  0.117755
 -10.657348 -0.059550
 -10.625004  0.023728
 -10.592660  0.168384
 -10.560316  0.287936
 -10.527972 -0.123834
 -10.495628  0.010129
 -10.463284  0.001929
 -10.430940  0.096126
 -10.398596  0.100815
 -10.366252 -0.043252
 -10.333908  0.103642
 -10.301564  0.283683
 -10.269220 -0.069966
 -10.236876 -0.031070
 -10.204532  0.012340
 -10.172188  0.162847
 -10.139844  0.096946
 -10.107500  0.171364
 -10.075156 -0.000552
 -10.042812  0.100329
 -10.010468  0.011778
  -9.978124 -0.015364
  -9.945780  0.069212
  -9.913436 -0.021865
  -9.881092 -0.122204
  -9.848748  0.001292
  -9.816404  0.060686
  -9.784060  0.215778
  -9.751716 -0.043756
  -9.719372  0.008732
  -9.687028 -0.021128
  -9.654684  0.230763
  -9.622340 -0.004093
  -9.589996  0.198419
  -9.557652  0.060546
  -9.525308  0.293348
  -9.492964 -0.037370
  -9.460620  0.020748
  -9.428276  0.115469
  -9.395932  0.047658
  -9.363588 -0.188030
  -9.331244 -0.062291
  -9.298900  0.093132
  -9.266556  0.025005
  -9.234212 -0.157081
  -9.201868 -0.044225
  -9.169524  0.165717
  -9.137180  0.176467
  -9.104836 -0.202097
  -9.072492 -0.113777
  -9.040148  0.024134
  -9.007804  0.198194
  -8.975460 -0.178133
  -8.943116  0.054835
  -8.910772 -0.009050
  -8.878428  0.018180
  -8.846084 -0.018628
  -8.813740  0.063492
  -8.781396  0.162534
  -8.749052  0.172193
  -8.716708 -0.134439
  -8.684364 -0.069646
  -8.652020 -0.001318
  -8.619676  0.133264
  -8.587332 -0.064975
  -8.554988 -0.024725
  -8.522644 -0.061647
  -8.490300  0.106327
  -8.457956  0.036121
  -8.425612  0.069403
  -8.393268  0.051261
  -8.360924  0.039912
  -8.328580  0.058820
  -8.296236 -0.046735
  -8.263892 -0.015740
  -8.231548  0.090199
  -8.199204 -0.170977
  -8.166860 -0.073788
  -8.134516 -0.038940
  -8.102172  0.264557
  -8.069828 -0.147096
  -8.037484  0.042773
  -8.005140  0.011772
  -7.972796  0.135416
  -7.940452 -0.134281
  -7.908108  0.049722
  -7.875764 -0.018258
  -7.843420  0.171839
  -7.811076  0.057837
  -7.778732 -0.065273
  -7.746388  0.005352
  -7.714044  0.212463
  -7.681700 -0.225477
  -7.649356 -0.085772
  -7.617012 -0.020323
  -7.584668  0.038391
  -7.552324 -0.069545
  -7.519980 -0.191793
  -7.487636  0.065754
  -7.455292  0.064057
  -7.422948 -0.138956
  -7.390604  0.071193
  -7.358260  0.121090
  -7.325916 -0.102764
  -7.293572 -0.077188
  -7.261228  0.004325
  -7.228884  0.020637
  -7.196540  0.108943
  -7.164196  0.011533
  -7.131852 -0.027565
  -7.099508  0.191195
  -7.067164  0.175617
  -7.034820 -0.165127
  -7.002476 -0.049674
  -6.970132  0.137616
  -6.937788  0.231152
  -6.905444 -0.161153
  -6.873100 -0.032424
  -6.840756 -0.028231
  -6.808412  0.165190
  -6.776068 -0.050280
  -6.743724 -0.070673
  -6.711380  0.030051
  -6.679036  0.255109
  -6.646692 -0.214557
  -6.614348  0.043880
  -6.582004 -0.007843
  -6.549660  0.137715
  -6.517316 -0.129882
  -6.484972  0.004342
  -6.452628  0.102429
  -6.420284  0.167464
  -6.387940 -0.116135
  -6.355596  0.079431
  -6.323252  0.067213
  -6.290908  0.033642
  -6.258564 -0.113298
  -6.226220  0.090840
  -6.193876  0.068475
  -6.161532  0.208123
  -6.129188 -0.049135
  -6.096844  0.083392
  -6.064500 -0.062535
  -6.032156  0.016306
  -5.999812 -0.134990
  -5.967468  0.019461
  -5.935124  0.022010
  -5.902780  0.115570
  -5.870436  0.058751
  -5.838092  0.145782
  -5.805748 -0.072563
  -5.773404  0.220904
  -5.741060  0.031431
  -5.708716 -0.060596
  -5.676372  0.050294
  -5.644028  0.024639
  -5.611684 -0.119706
  -5.579340 -0.142631
  -5.546996 -0.085573
  -5.514652 -0.124501
  -5.482308 -0.092012
  -5.449964 -0.188490
  -5.417620 -0.001618
  -5.385276  0.011565
  -5.352932 -0.293601
  -5.320588 -0.113240
  -5.288244 -0.131861
  -5.255900  0.068257
  -5.223556 -0.123831
  -5.191212 -0.116476
  -5.158868 -0.058896
  -5.126524  0.154791
  -5.094180 -0.228288
  -5.061836 -0.133328
  -5.029492  0.036137
  -4.997148  0.015315
  -4.964804  0.074411
  -4.932460 -0.032652
  -4.900116 -0.031394
  -4.867772  0.025474
  -4.835428 -0.102831
  -4.803084 -0.042256
  -4.770740 -0.131913
  -4.738396  0.223145
  -4.706052 -0.180012
  -4.673708 -0.075006
  -4.641364 -0.047628
  -4.609020  0.130390
  -4.576676 -0.072524
  -4.544332 -0.137344
  -4.511988  0.098543
  -4.479644  0.085945
  -4.447300 -0.136979
  -4.414956 -0.026988
  -4.382612 -0.075420
  -4.350268  0.001997
  -4.317924 -0.102310
  -4.285580 -0.003740
  -4.253236 -0.027210
  -4.220892  0.158395
  -4.188548 -0.141498
  -4.156204 -0.099286
  -4.123860 -0.003200
  -4.091516  0.161837
  -4.059172 -0.035028
  -4.026828 -0.040530
  -3.994484  0.036316
  -3.962140 -0.049712
  -3.929796 -0.236177
  -3.897452  0.068517
  -3.865108 -0.025175
  -3.832764  0.211056
  -3.800420 -0.118224
  -3.768076 -0.125434
  -3.735732 -0.053051
  -3.703388  0.022059
  -3.671044 -0.172555
  -3.638700  0.116542
  -3.606356  0.098753
  -3.574012  0.178906
  -3.541668 -0.019986
  -3.509324 -0.124974
  -3.476980  0.059749
  -3.444636  0.229671
  -3.412292 -0.226274
  -3.379948  0.014655
  -3.347604 -0.076053
  -3.315260  0.087640
  -3.282916 -0.200537
  -3.250572  0.073981
  -3.218228  0.069358
  -3.185884  0.319181
  -3.153540  0.000368
  -3.121196 -0.007195
  -3.088852  0.138266
  -3.056508  0.259870
  -3.024164 -0.152826
  -2.991820  0.076586
  -2.959476  0.141115
  -2.927132  0.098314
  -2.894788 -0.028683
  -2.862444 -0.065211
  -2.830100  0.076845
  -2.797756  0.209550
  -2.765412 -0.034339
  -2.733068 -0.028909
  -2.700724 -0.043559
  -2.668380  0.170738
  -2.636036 -0.125916
  -2.603692 -0.152836
  -2.571348 -0.121383
  -2.539004  0.116494
  -2.506660 -0.173007
  -2.474316 -0.158764
  -2.441972 -0.109550
  -2.409628  0.110554
  -2.377284 -0.213566
  -2.344940 -0.090838
  -2.312596 -0.067629
  -2.280252 -0.109517
  -2.247908 -0.296469
  -2.215564 -0.036746
  -2.183220 -0.173038
  -2.150876  0.073631
  -2.118532  0.022649
  -2.086188 -0.073083
  -2.053844  0.016577
  -2.021500  0.070135
  -1.989156 -0.201709
  -1.956812  0.066169
  -1.924468  0.118971
  -1.892124  0.017731
  -1.859780 -0.068980
  -1.827436 -0.045414
  -1.795092 -0.148021
  -1.762748  0.019503
  -1.730404 -0.040721
  -1.698060 -0.000126
  -1.665716 -0.039660
  -1.633372  0.195341
  -1.601028 -0.136384
  -1.568684 -0.122537
  -1.536340  0.079794
  -1.503996  0.147774
  -1.471652 -0.188336
  -1.439308 -0.154597
  -1.406964 -0.092120
  -1.374620  0.025405
  -1.342276 -0.190915
  -1.309932 -0.059056
  -1.277588 -0.001259
  -1.245244 -0.037413
  -1.212900 -0.014477
  -1.180556 -0.039920
  -1.148212  0.040824
  -1.115868  0.032367
  -1.083524 -0.130185
  -1.051180 -0.055221
  -1.018836  0.017077
  -0.986492  0.022615
  -0.954148 -0.101412
  -0.921804 -0.026185
  -0.889460 -0.097466
  -0.857116 -0.060674
  -0.824772 -0.190868
  -0.792428  0.016194
  -0.760084 -0.061874
  -0.727740  0.027615
  -0.695396 -0.108051
  -0.663052 -0.125641
  -0.630708 -0.047251
  -0.598364 -0.013780
  -0.566020 -0.054347
  -0.533676 -0.012771
  -0.501332  0.033480
  -0.468988  0.086684
  -0.436644 -0.123997
  -0.404300  0.056705
  -0.371956 -0.140656
  -0.339612 -0.005442
  -0.307268  0.070846
  -0.274924  0.040082
  -0.242580 -0.012503
  -0.210236  0.084250
  -0.177892  0.132489
  -0.145548  0.156625
  -0.113204  0.433250
  -0.080860  1.018637
  -0.048516  1.553493
  -0.016172  2.796675
   0.016172  3.126438
   0.048516  2.070124
   0.080860  1.475925
   0.113204  0.691324
   0.145548  0.571873
   0.177892  0.375289
   0.210236  0.172457
   0.242580  0.250233
   0.274924  0.286734
   0.307268  0.348977
   0.339612  0.237194
   0.371956  0.278232
   0.404300  0.619044
   0.436644  1.045527
   0.468988  0.653539
   0.501332  0.418066
   0.533676  0.525600
   0.566020  0.893335
   0.598364  0.648629
   0.630708  0.719372
   0.663052  0.857189
   0.695396  1.186001
   0.727740  0.845392
   0.760084  1.058702
   0.792428  1.089122
   0.824772  1.441012
   0.857116  1.570444
   0.889460  1.804916
   0.921804  1.861524
   0.954148  2.484729
   0.986492  2.797192
   1.018836  3.077830
   1.051180  3.528154
   1.083524  3.770352
   1.115868  3.986701
   1.148212  3.993003
   1.180556  4.218758
   1.212900  3.706747
   1.245244  3.135933
   1.277588  3.066681
   1.309932  2.948972
   1.342276  2.437352
   1.374620  2.376698
   1.406964  2.339342
   1.439308  2.006503
   1.471652  2.299332
   1.503996  1.815456
   1.536340  1.776976
   1.568684  1.847345
   1.601028  2.040993
   1.633372  1.705197
   1.665716  2.119871
   1.698060  2.853094
   1.730404  3.050384
   1.762748  3.069103
   1.795092  2.367789
   1.827436  1.978677
   1.859780  2.173963
   1.892124  1.869659
   1.924468  1.668114
   1.956812  2.122884
   1.989156  1.943577
   2.021500  1.544486
   2.053844  1.436828
   2.086188  1.449007
   2.118532  1.272071
   2.150876  1.211234
   2.183220  1.322249
   2.215564  1.028725
   2.247908  1.050702
   2.280252  0.957313
   2.312596  1.022464
   2.344940  0.970621
   2.377284  1.005090
   2.409628  0.701177
   2.441972  0.829112
   2.474316  0.952805
   2.506660  0.974907
   2.539004  1.220869
   2.571348  1.066856
   2.603692  0.839608
   2.636036  0.793841
   2.668380  0.781813
   2.700724  0.820780
   2.733068  0.877572
   2.765412  1.192856
   2.797756  0.799192
   2.830100  1.057216
   2.862444  0.850175
   2.894788  1.085046
   2.927132  0.895071
   2.959476  1.106722
   2.991820  0.714830
   3.024164  0.772919
   3.056508  0.449217
   3.088852  0.349969
   3.121196  0.570520
   3.153540  0.770389
   3.185884  0.659902
   3.218228  0.483486
   3.250572  0.447642
   3.282916  0.498466
   3.315260  0.543497
   3.347604  0.591271
   3.379948  0.517426
   3.412292  0.595562
   3.444636  0.387483
   3.476980  0.369339
   3.509324  0.631397
   3.541668  0.575121
   3.574012  0.339193
   3.606356  0.236152
   3.638700  0.369821
   3.671044  0.394778
   3.703388  0.119277
   3.735732  0.268688
   3.768076  0.377810
   3.800420  0.470345
   3.832764  0.192276
   3.865108  0.294121
   3.897452  0.304778
   3.929796  0.437902
   3.962140  0.223407
   3.994484  0.390897
   4.026828  0.297157
   4.059172  0.674401
   4.091516  0.513228
   4.123860  0.325278
   4.156204  0.373922
   4.188548  0.587967
   4.220892  0.311015
   4.253236  0.264733
   4.285580  0.253153
   4.317924  0.283749
   4.350268  0.321789
   4.382612  0.198984
   4.414956  0.305488
   4.447300  0.287071
   4.479644 -0.016683
   4.511988  0.109547
   4.544332  0.239281
   4.576676  0.365193
   4.609020  0.239691
   4.641364  0.080114
   4.673708  0.137141
   4.706052  0.313378
   4.738396  0.033326
   4.770740  0.102432
   4.803084  0.113082
   4.835428  0.318505
   4.867772  0.095890
   4.900116  0.104698
   4.932460  0.108890
   4.964804  0.302326
   4.997148  0.013890
   5.029492 -0.047251
   5.061836  0.059203
   5.094180  0.154130
   5.126524  0.049361
   5.158868 -0.003300
   5.191212  0.206234
   5.223556  0.263272
   5.255900  0.074493
   5.288244  0.193878
   5.320588 -0.006661
   5.352932  0.376336
   5.385276  0.095210
   5.417620  0.090030
   5.449964  0.189904
   5.482308  0.165717
   5.514652 -0.098806
   5.546996  0.095685
   5.579340 -0.048056
   5.611684  0.070135
   5.644028  0.073789
   5.676372 -0.038322
   5.708716  0.051629
   5.741060  0.243683
   5.773404  0.084755
   5.805748  0.109008
   5.838092  0.166948
   5.870436  0.331489
   5.902780  0.084470
   5.935124 -0.017125
   5.967468  0.060138
   5.999812  0.176285
   6.032156 -0.007641
   6.064500  0.086888
   6.096844  0.109297
   6.129188  0.145725
   6.161532 -0.106170
   6.193876 -0.007833
   6.226220 -0.044987
   6.258564  0.178926
   6.290908 -0.014292
   6.323252 -0.083965
   6.355596 -0.060836
   6.387940  0.225789
   6.420284  0.001573
   6.452628  0.014237
   6.484972  0.163847
   6.517316  0.307516
   6.549660 -0.020982
   6.582004  0.177042
   6.614348 -0.035718
   6.646692  0.173324
   6.679036 -0.038760
   6.711380 -0.078004
   6.743724 -0.118350
   6.776068  0.153292
   6.808412 -0.083303
   6.840756  0.009091
   6.873100  0.058100
   6.905444  0.339280
   6.937788 -0.011849
   6.970132 -0.026070
   7.002476  0.078902
   7.034820  0.177047
   7.067164 -0.024647
   7.099508  0.040316
   7.131852  0.014202
   7.164196  0.101785
   7.196540 -0.108418
   7.228884 -0.058655
   7.261228  0.020151
   7.293572  0.124496
   7.325916 -0.139521
   7.358260  0.233032
   7.390604 -0.019270
   7.422948  0.115772
   7.455292 -0.071662
   7.487636 -0.195045
   7.519980  0.077411
   7.552324  0.239155
   7.584668  0.020591
   7.617012 -0.062625
   7.649356 -0.167602
   7.681700  0.305344
   7.714044 -0.052172
   7.746388 -0.080962
   7.778732 -0.000410
   7.811076  0.223891
   7.843420 -0.142349
   7.875764 -0.005442
   7.908108 -0.040822
   7.940452  0.248443
   7.972796  0.039741
   8.005140  0.008732
   8.037484  0.022262
   8.069828  0.129508
   8.102172  0.060319
   8.134516 -0.056324
   8.166860 -0.069356
   8.199204  0.063746
   8.231548 -0.067726
   8.263892  0.062091
   8.296236 -0.072466
   8.328580  0.112191
   8.360924  0.007624
   8.393268 -0.067875
   8.425612 -0.109550
   8.457956  0.238047
   8.490300 -0.169574
   8.522644  0.122943
   8.554988  0.163412
   8.587332  0.110365
   8.619676 -0.049381
   8.652020 -0.062450
   8.684364  0.049920
   8.716708  0.145075
   8.749052 -0.033328
   8.781396  0.057821
   8.813740  0.086721
   8.846084  0.033951
   8.878428 -0.196489
   8.910772  0.067540
   8.943116 -0.073470
   8.975460  0.143508
   9.007804  0.022047
   9.040148  0.016398
   9.072492  0.124230
   9.104836 -0.024267
   9.137180 -0.155367
   9.169524 -0.069677
   9.201868  0.037435
   9.234212  0.166153
   9.266556 -0.059545
   9.298900 -0.065805
   9.331244  0.080506
   9.363588  0.262296
   9.395932 -0.027790
   9.428276  0.083816
   9.460620  0.180413
   9.492964  0.077667
   9.525308 -0.094895
   9.557652 -0.006495
   9.589996 -0.093409
   9.622340  0.126080
   9.654684 -0.275256
   9.687028 -0.001100
   9.719372  0.083092
   9.751716  0.192865
   9.784060 -0.145132
   9.816404 -0.099018
   9.848748  0.121758
   9.881092  0.074505
   9.913436 -0.066181
   9.945780 -0.031257
   9.978124 -0.025084
  10.010468  0.056636
  10.042812 -0.040010
  10.075156  0.029576
  10.107500  0.121500
  10.139844  0.249528
  10.172188 -0.048570
  10.204532 -0.112556
  10.236876  0.011565
  10.269220  0.143516
  10.301564 -0.095719
  10.333908  0.004552
  10.366252 -0.005264
  10.398596  0.233375
  10.430940 -0.036275
  10.463284  0.048949
  10.495628  0.024439
  10.527972  0.101947
  10.560316 -0.159105
  10.592660 -0.102238
  10.625004 -0.080025
  10.657348  0.207038
  10.689692 -0.124597
  10.722036 -0.002960
  10.754380  0.197073
  10.786724  0.191725
  10.819068 -0.068935
  10.851412  0.099195
  10.883756  0.327481
  10.916100  0.256326
  10.948444  0.075844
  10.980788  0.032300
  11.013132  0.167671
  11.045476  0.377317
  11.077820  0.182892
  11.110164  0.169732
  11.142508  0.073045
  11.174852  0.429947
  11.207196  0.125101
  11.239540  0.179028
  11.271884  0.107462
  11.304228  0.285310
  11.336572  0.152683
  11.368916  0.186444
  11.401260  0.201485
  11.433604  0.256951
  11.465948 -0.043522
  11.498292  0.079195
  11.530636  0.224343
  11.562980  0.257024
  11.595324  0.005718
  11.627668  0.157364
  11.660012  0.066433
  11.692356  0.304393
  11.724700  0.004325
  11.757044  0.295519
  11.789388  0.250145
  11.821732  0.229498
  11.854076  0.036477
  11.886420  0.271078
  11.918764  0.083563
  11.951108  0.253599
  11.983452  0.176604
  12.015796  0.259636
  12.048140  0.356104
  12.080484  0.355642
  12.112828  0.001080
  12.145172  0.206730
  12.177516  0.325132
  12.209860  0.327456
  12.242204  0.014508
  12.274548  0.250018
  12.306892  0.100650
  12.339236  0.295454
  12.371580  0.039344
  12.403924  0.158994
  12.436268  0.240792
  12.468612  0.315608
  12.500956 -0.054545
  12.533300  0.145509
  12.565644  0.167954
  12.597988  0.385114
  12.630332  0.048602
  12.662676  0.062225
  12.695020  0.075276
  12.727364  0.288988
  12.759708  0.055009
  12.792052  0.156549
  12.824396  0.248709
  12.856740  0.399829
  12.889084 -0.003174
  12.921428  0.277917
  12.953772  0.115781
  12.986116  0.284176
  13.018460 -0.078632
  13.050804  0.058154
  13.083148  0.223829
  13.115492  0.146907
  13.147836  0.144082
  13.180180  0.142949
  13.212524  0.186275
  13.244868  0.400365
  13.277212  0.181815
  13.309556  0.271234
  13.341900  0.051597
  13.374244  0.367163
  13.406588  0.118392
  13.438932  0.160965
  13.471276  0.137842
  13.503620  0.351895
  13.535964  0.165753
  13.568308  0.176410
  13.600652  0.240439
  13.632996  0.220127
  13.665340  0.077570
  13.697684  0.026735
  13.730028  0.163758
  13.762372  0.114020
  13.794716  0.001213
  13.827060  0.209767
  13.859404  0.147799
  13.891748  0.357381
  13.924092  0.052330
  13.956436  0.095417
  13.988780  0.177669
  14.021124  0.260189
  14.053468  0.012545
  14.085812  0.201703
  14.118156  0.202389
  14.150500  0.185519
  14.182844 -0.011839
  14.215188  0.263444
  14.247532  0.180700
  14.279876  0.244088
  14.312220  0.075589
  14.344564  0.076147
  14.376908  0.215085
  14.409252  0.179834
  14.441596  0.060138
  14.473940  0.016668
  14.506284  0.045766
  14.538628  0.210170
  14.570972  0.026566
  14.603316  0.112534
  14.635660  0.218791
  14.668004  0.290296
  14.700348  0.038803
  14.732692  0.021444
  14.765036  0.128592
  14.797380  0.184100
  14.829724  0.282554
  14.862068  0.391549
  14.894412  0.332703
  14.926756  0.314167
  14.959100  0.008616
  14.991444  0.040276
  15.023788  0.044070
  15.056132  0.229846
  15.088476 -0.006575
  15.120820  0.070454
  15.153164  0.110585
  15.185508  0.155802
  15.217852  0.045195
  15.250196  0.139031
  15.282540  0.112184
  15.314884  0.299805
  15.347228  0.045007
  15.379572  0.152704
  15.411916  0.235889
  15.444260  0.344508
  15.476604  0.026614
  15.508948  0.159297
  15.541292  0.192874
  15.573636  0.257144
  15.605980  0.019419
  15.638324  0.141245
  15.670668  0.051816
  15.703012  0.275403
  15.735356  0.014089
  15.767700  0.126803
  15.800044  0.248031
  15.832388  0.355181
  15.864732  0.298739
  15.897076  0.177367
  15.929420  0.149462
  15.961764  0.320032
  15.994108  0.145915
  16.026452  0.106699
  16.058796  0.174899
  16.091140  0.313044
  16.123484  0.087074
  16.155828  0.158463
  16.188172  0.147889
  16.220516  0.305223
  16.252860  0.028151
  16.285204  0.112222
  16.317548  0.182853
  16.349892  0.302954
  16.382236 -0.065549
  16.414580  0.097124
  16.446924  0.275616
  16.479268  0.426540
  16.511612  0.192835
  16.543956  0.104528
  16.576300  0.075326
  16.608644  0.072677
  16.640988  0.135573
  16.673332  0.182083
  16.705676  0.188057
  16.738020  0.177351
  16.770364  0.234089
  16.802708  0.251149
  16.835052  0.040650
  16.867396  0.299995
  16.899740  0.158961
  16.932084  0.057117
  16.964428  0.284460
  16.996772  0.302709
  17.029116  0.050678
  17.061460  0.273871
  17.093804  0.191752
  17.126148  0.348227
  17.158492  0.028827
  17.190836  0.054824
  17.223180  0.081811
  17.255524  0.227316
  17.287868  0.143500
  17.320212  0.190045
  17.352556  0.171317
  17.384900  0.110208
  17.417244  0.036704
  17.449588  0.121352
  17.481932  0.249930
  17.514276  0.302388
  17.546620 -0.057681
  17.578964  0.205962
  17.611308  0.116952
  17.643652  0.271951
  17.675996  0.122641
  17.708340  0.138560
  17.740684  0.268123
  17.773028  0.409301
  17.805372  0.238140
  17.837716  0.230586
  17.870060  0.216114
  17.902404  0.385329
  17.934748  0.020191
  17.967092  0.188467
  17.999436  0.218230
  18.031780  0.395438
  18.064124  0.193222
  18.096468  0.139729
  18.128812  0.329129
  18.161156  0.352016
  18.193500  0.031627
  18.225844  0.156099
  18.258188  0.117577
  18.290532  0.401609
  18.322876  0.092919
  18.355220  0.119736
  18.387564  0.084755
  18.419908  0.238328
  18.452252  0.210010
  18.484596  0.197976
  18.516940  0.164194
  18.549284  0.389190
  18.581628  0.079535
  18.613972  0.104812
  18.646316  0.138566
  18.678660  0.366658
  18.711004  0.032564
  18.743348  0.075800
  18.775692  0.092166
  18.808036  0.239354
  18.840380  0.101622
  18.872724  0.063933
  18.905068  0.286686
  18.937412  0.303932
  18.969756  0.276998
  19.002100  0.141107
  19.034444  0.189669
  19.066788  0.414081
  19.099132  0.121587
  19.131476  0.117577
  19.163820  0.019097
  19.196164  0.240019
  19.228508  0.198428
  19.260852  0.112554
  19.293196  0.242571
  19.325540  0.276772
  19.357884  0.118758
  19.390228  0.133579
  19.422572  0.249901
  19.454916  0.314638
  19.487260  0.110899
  19.519604  0.199997
  19.551948  0.289485
  19.584292  0.148593
  19.616636  0.113140
  19.648980  0.206582
  19.681324  0.178411
  19.713668  0.339280
  19.746012  0.073110
  19.778356  0.151435
  19.810700  0.179985
  19.843044  0.289143
  19.875388 -0.026191
  19.907732  0.212070
  19.940076  0.186740
  19.972420  0.351820
  20.004764  0.090159
  20.037108  0.357309
  20.069452  0.115363
  20.101796  0.385905
  20.134140  0.204755
  20.166484  0.202150
  20.198828  0.109324
  20.231172  0.381166
  20.263516  0.117674
  20.295860  0.139967
  20.328204  0.118404
  20.360548  0.214689
  20.392892  0.073974
  20.425236  0.235498
  20.457580  0.293216
  20.489924  0.364871
  20.522268  0.102271
  20.554612  0.204521
  20.586956  0.174705
  20.619300  0.264325
  20.651644 -0.037188
  20.683988 -0.025299
  20.716332  0.152982
  20.748676  0.282899
  20.781020  0.127958
  20.813364  0.124982
  20.845708  0.260779
  20.878052  0.410076
  20.910396  0.265945
  20.942740  0.047470
  20.975084  0.326032
  21.007428  0.311286
  21.039772  0.102916
  21.072116  0.114275
  21.104460  0.076237
  21.136804  0.129237
  21.169148  0.057133
  21.201492  0.313047
  21.233836  0.385865
  21.266180  0.341889
  21.298524 -0.015866
  21.330868  0.057272
  21.363212  0.185451
  21.395556  0.217769
  21.427900  0.097987
  21.460244  0.271312
  21.492588  0.209065
  21.524932  0.288008
  21.557276  0.061466
  21.589620  0.245040
  21.621964  0.217144
  21.654308  0.222980
  21.686652  0.053153
  21.718996  0.079670
  21.751340  0.265378
  21.783684  0.278404
  21.816028  0.274986
  21.848372  0.087192
  21.880716  0.124530
  21.913060  0.064828
  21.945404  0.072122
  21.977748  0.194340
  22.010092  0.244066
  22.042436  0.373791
  22.074780  0.207823
  22.107124  0.184713
  22.139468  0.152841
  22.171812  0.371632
  22.204156  0.093297
  22.236500  0.281195
  22.268844  0.146062
  22.301188  0.256723
  22.333532 -0.063597
  22.365876 -0.037166
  22.398220  0.069358
  22.430564  0.215401
  22.462908  0.036027
  22.495252  0.259802
  22.527596  0.259967
  22.559940  0.362041
  22.592284 -0.052762
  22.624628  0.258254
  22.656972  0.118392
  22.689316  0.232948
  22.721660  0.070843
  22.754004  0.165602
  22.786348  0.053974
  22.818692  0.280905
  22.851036  0.232755
  22.883380  0.027866
  22.915724  0.095159
  22.948068  0.289370
  22.980412  0.022136
  23.012756  0.188821
  23.045100  0.202836
  23.077444  0.296023
  23.109788  0.080728
  23.142132  0.086509
  23.174476  0.130121
  23.206820  0.142096
  23.239164 -0.039530
  23.271508 -0.076477
  23.303852  0.026963
  23.336196  0.329049
  23.368540  0.112691
  23.400884 -0.056946
  23.433228  0.177581
  23.465572  0.305764
  23.497916  0.033500
  23.530260  0.173574
  23.562604  0.007300
  23.594948  0.239462
  23.627292  0.097094
  23.659636  0.112318
  23.691980  0.018456
  23.724324  0.237858
  23.756668  0.029105
  23.789012  0.017484
  23.821356  0.170243
  23.853700  0.248533
  23.886044  0.033776
  23.918388  0.083464
  23.950732  0.157528
  23.983076  0.330781
  24.015420  0.011815
  24.047764  0.140123
  24.080108  0.020070
  24.112452  0.222700
  24.144796  0.088328
  24.177140  0.115208
  24.209484  0.178903
  24.241828  0.124230
  24.274172  0.136020
  24.306516  0.095397
  24.338860  0.177846
  24.371204  0.237285
  24.403548  0.092399
  24.435892  0.011053
  24.468236  0.107373
  24.500580  0.135468
  24.532924  0.011825
  24.565268  0.140823
  24.597612  0.114352
  24.629956  0.153138
  24.662300  0.008638
  24.694644  0.050111
  24.726988  0.140821
  24.759332  0.098226
  24.791676  0.050662
  24.824020  0.250712
  24.856364 -0.015239
  24.888708  0.062021
  24.921052  0.038058
  24.953396  0.076890
  24.985740  0.225189
  25.018084  0.382349
  25.050428  0.081573
  25.082772  0.181881
  25.115116  0.115054
  25.147460  0.316432
  25.179804  0.004749
  25.212148  0.095500
  25.244492  0.251367
  25.276836  0.299616
  25.309180 -0.000268
  25.341524  0.221876
  25.373868  0.094264
  25.406212  0.293420
  25.438556  0.027101
  25.470900  0.206124
  25.503244  0.109139
  25.535588  0.220683
  25.567932 -0.008427
  25.600276  0.094829
  25.632620  0.021444
  25.664964  0.222091
  25.697308 -0.043019
  25.729652  0.127839
  25.761996  0.080433
  25.794340  0.125015
  25.826684  0.027477
  25.859028  0.146898
  25.891372  0.134599
  25.923716  0.199098
  25.956060  0.129160
  25.988404  0.091600
  26.020748  0.189362
  26.053092  0.287567
  26.085436 -0.002421
  26.117780  0.231073
  26.150124  0.015897
  26.182468  0.225455
  26.214812  0.056325
  26.247156 -0.044792
  26.279500  0.279418
  26.311844  0.262055
  26.344188  0.033654
  26.376532  0.191177
  26.408876  0.235782
  26.441220  0.215694
  26.473564 -0.008542
  26.505908 -0.040428
  26.538252  0.166541
  26.570596  0.146740
  26.602940 -0.074738
  26.635284  0.013476
  26.667628  0.198984
  26.699972  0.248551
  26.732316 -0.005247
  26.764660  0.057669
  26.797004  0.103244
  26.829348  0.307845
  26.861692  0.096545
  26.894036  0.146341
  26.926380  0.109409
  26.958724  0.146007
  26.991068  0.143929
  27.023412  0.179813
  27.055756  0.229432
  27.088100  0.251112
  27.120444  0.118579
  27.152788  0.115154
  27.185132  0.132336
  27.217476  0.181349
  27.249820  0.019664
  27.282164  0.437884
  27.314508  0.208150
  27.346852  0.315320