 Eloss (eV)      Counts/s
 -38.835764 -3.085419e-02
 -38.803420  1.111887e-01
 -38.771076 -9.499658e-02
 -38.738732 -3.865692e-02
 -38.706388  2.352210e-02
 -38.674044 -2.859168e-02
 -38.641700 -1.201621e-01
 -38.609356  4.420604e-03
 -38.577012 -6.256290e-02
 -38.544668  2.168334e-01
 -38.512324 -2.703370e-01
 -38.479980 -2.256765e-02
 -38.447636 -4.599050e-02
 -38.415292 -1.134300e-01
 -38.382948 -3.198929e-01
 -38.350604  3.883406e-02
 -38.318260 -1.003789e-01
 -38.285916 -5.372996e-02
 -38.253572 -2.575596e-01
 -38.221228 -1.340436e-01
 -38.188884  2.299747e-02
 -38.156540 -9.394093e-03
 -38.124196 -1.970516e-01
 -38.091852 -2.834849e-02
 -38.059508  7.470096e-02
 -38.027164 -5.214095e-02
 -37.994820 -2.023897e-01
 -37.962476 -1.758267e-01
 -37.930132 -4.122772e-02
 -37.897788  3.763811e-02
 -37.865444 -2.724140e-01
 -37.833100 -2.189297e-01
 -37.800756 -3.117374e-02
 -37.768412  7.263132e-02
 -37.736068 -1.083280e-01
 -37.703724 -1.644711e-02
 -37.671380 -1.667979e-01
 -37.639036 -7.665863e-02
 -37.606692 -1.718215e-01
 -37.574348 -1.586558e-01
 -37.542004 -8.566525e-02
 -37.509660 -9.733199e-02
 -37.477316 -1.322360e-01
 -37.444972 -7.342899e-02
 -37.412628 -1.210146e-01
 -37.380284 -3.016462e-03
 -37.347940 -2.059426e-01
 -37.315596  2.366431e-02
 -37.283252 -1.301573e-01
 -37.250908 -3.825145e-02
 -37.218564 -2.887310e-01
 -37.186220 -6.404158e-02
 -37.153876 -1.871689e-01
 -37.121532 -5.166867e-02
 -37.089188 -3.472050e-01
 -37.056844 -9.876068e-02
 -37.024500 -3.019204e-01
 -36.992156  4.006012e-02
 -36.959812 -2.913350e-01
 -36.927468 -1.647712e-01
 -36.895124 -8.037411e-02
 -36.862780  6.623911e-02
 -36.830436 -2.132434e-01
 -36.798092 -7.573402e-02
 -36.765748 -1.496936e-01
 -36.733404 -6.004622e-02
 -36.701060 -2.903987e-01
 -36.668716 -1.074796e-01
 -36.636372 -1.340709e-02
 -36.604028 -1.457961e-01
 -36.571684 -3.170263e-01
 -36.539340 -9.784271e-02
 -36.506996 -9.898495e-02
 -36.474652 -8.457557e-02
 -36.442308 -2.164453e-01
 -36.409964 -1.026642e-01
 -36.377620 -5.857107e-02
 -36.345276 -3.583439e-02
 -36.312932 -1.673196e-01
 -36.280588 -1.207120e-01
 -36.248244 -1.431807e-02
 -36.215900 -6.505870e-02
 -36.183556 -1.734255e-01
 -36.151212 -2.740505e-01
 -36.118868 -1.405607e-01
 -36.086524 -3.070350e-02
 -36.054180 -2.175921e-01
 -36.021836 -3.656314e-03
 -35.989492 -1.456879e-01
 -35.957148  3.559180e-02
 -35.924804 -1.732266e-01
 -35.892460 -1.097455e-01
 -35.860116 -1.091561e-01
 -35.827772 -1.358002e-02
 -35.795428 -1.038137e-01
 -35.763084 -7.052392e-02
 -35.730740 -2.079244e-01
 -35.698396 -2.998329e-02
 -35.666052 -3.574613e-01
 -35.633708 -1.300871e-01
 -35.601364 -1.314633e-01
 -35.569020  4.959618e-02
 -35.536676 -1.018169e-01
 -35.504332 -9.299137e-02
 -35.471988 -1.994237e-01
 -35.439644 -2.584517e-02
 -35.407300 -2.671152e-01
 -35.374956 -1.060656e-01
 -35.342612  2.281254e-03
 -35.310268  5.213552e-02
 -35.277924 -1.766429e-01
 -35.245580 -5.434479e-02
 -35.213236 -1.757217e-01
 -35.180892  6.832658e-02
 -35.148548 -2.328302e-01
 -35.116204 -1.798985e-01
 -35.083860 -2.035225e-01
 -35.051516 -8.853404e-02
 -35.019172 -2.177285e-01
 -34.986828 -1.448205e-01
 -34.954484 -1.261115e-01
 -34.922140  9.417078e-03
 -34.889796 -2.141668e-01
 -34.857452 -5.352624e-02
 -34.825108 -1.697785e-01
 -34.792764  8.093102e-02
 -34.760420 -4.556696e-01
 -34.728076 -1.197436e-01
 -34.695732 -2.299600e-01
 -34.663388 -9.814816e-02
 -34.631044 -2.715546e-01
 -34.598700 -2.254088e-01
 -34.566356 -3.940332e-02
 -34.534012 -8.369402e-02
 -34.501668 -4.235030e-02
 -34.469324 -2.390391e-02
 -34.436980 -5.024886e-02
 -34.404636 -3.442176e-02
 -34.372292 -1.272808e-01
 -34.339948 -4.235030e-02
 -34.307604 -1.463994e-01
 -34.275260 -4.554698e-02
 -34.242916 -2.158905e-01
 -34.210572 -1.309466e-01
 -34.178228 -3.580251e-02
 -34.145884 -8.184771e-02
 -34.113540 -3.078431e-01
 -34.081196 -2.633052e-01
 -34.048852 -1.117195e-01
 -34.016508  4.394087e-02
 -33.984164 -1.223861e-01
 -33.951820 -5.039134e-02
 -33.919476 -1.964253e-01
 -33.887132 -1.027801e-03
 -33.854788 -2.599345e-01
 -33.822444 -2.703054e-02
 -33.790100  3.522506e-03
 -33.757756 -8.423832e-02
 -33.725412 -2.357437e-01
 -33.693068 -1.964544e-01
 -33.660724 -1.943689e-01
 -33.628380 -2.248505e-02
 -33.596036 -2.535841e-01
 -33.563692 -1.584493e-01
 -33.531348 -1.504348e-01
 -33.499004 -1.700747e-03
 -33.466660 -3.388418e-01
 -33.434316 -2.075900e-01
 -33.401972 -1.587060e-01
 -33.369628 -7.964637e-02
 -33.337284 -1.639647e-01
 -33.304940 -9.925005e-02
 -33.272596 -4.128320e-02
 -33.240252 -6.274072e-02
 -33.207908 -1.777065e-01
 -33.175564 -7.859616e-02
 -33.143220 -1.210580e-01
 -33.110876 -9.253503e-02
 -33.078532 -1.237000e-01
 -33.046188 -9.729564e-02
 -33.013844 -1.382672e-01
 -32.981500  7.907765e-02
 -32.949156 -3.629369e-01
 -32.916812 -9.854733e-02
 -32.884468 -1.329920e-01
 -32.852124 -9.839325e-02
 -32.819780 -2.695333e-01
 -32.787436 -6.742537e-02
 -32.755092 -4.021807e-02
 -32.722748 -7.169620e-02
 -32.690404 -2.179349e-01
 -32.658060 -2.257519e-01
 -32.625716 -2.482169e-01
 -32.593372 -1.097424e-01
 -32.561028 -2.956946e-01
 -32.528684 -1.029600e-01
 -32.496340 -6.117523e-02
 -32.463996 -4.260210e-02
 -32.431652 -2.245851e-01
 -32.399308 -1.286853e-01
 -32.366964 -2.074887e-01
 -32.334620  2.155412e-02
 -32.302276 -2.777502e-01
 -32.269932 -3.612152e-02
 -32.237588 -1.996602e-01
 -32.205244 -2.390391e-02
 -32.172900 -1.502174e-01
 -32.140556 -1.193987e-01
 -32.108212 -1.219751e-01
 -32.075868 -2.394367e-01
 -32.043524 -4.493213e-01
 -32.011180 -1.361871e-01
 -31.978836 -1.855475e-01
 -31.946492 -1.280189e-02
 -31.914148 -2.677970e-01
 -31.881804 -1.727938e-01
 -31.849460 -2.219913e-01
 -31.817116 -1.218637e-03
 -31.784772 -2.148445e-01
 -31.752428 -9.476661e-02
 -31.720084 -2.467429e-01
 -31.687740  1.370086e-02
 -31.655396 -3.386511e-01
 -31.623052 -1.675530e-01
 -31.590708 -2.156627e-01
 -31.558364 -8.172340e-02
 -31.526020 -1.927064e-01
 -31.493676 -1.504348e-01
 -31.461332 -1.495232e-01
 -31.428988 -1.298386e-01
 -31.396644 -3.459097e-01
 -31.364300 -1.080444e-01
 -31.331956 -8.562429e-02
 -31.299612  3.540274e-03
 -31.267268 -1.066304e-01
 -31.234924 -5.181543e-02
 -31.202580 -2.266196e-01
 -31.170236 -2.347855e-03
 -31.137892 -1.390985e-01
 -31.105548 -1.108984e-01
 -31.073204 -2.143033e-01
 -31.040860 -9.477821e-02
 -31.008516 -2.678294e-01
 -30.976172 -1.576772e-01
 -30.943828 -2.631168e-01
 -30.911484 -6.482527e-02
 -30.879140 -2.493489e-01
 -30.846796 -9.468381e-02
 -30.814452 -1.925861e-01
 -30.782108 -1.002322e-01
 -30.749764 -1.437688e-01
 -30.717420  2.268802e-02
 -30.685076 -2.343401e-01
 -30.652732 -1.148441e-02
 -30.620388 -3.399768e-01
 -30.588044 -1.088974e-01
 -30.555700 -1.952623e-01
 -30.523356 -1.575762e-01
 -30.491012 -2.043636e-01
 -30.458668 -5.757891e-02
 -30.426324 -8.137746e-02
 -30.393980 -8.177324e-02
 -30.361636 -1.640569e-01
 -30.329292 -9.642107e-02
 -30.296948 -1.314380e-01
 -30.264604  8.205339e-02
 -30.232260 -3.000411e-01
 -30.199916 -1.845918e-01
 -30.167572 -1.628443e-01
 -30.135228 -8.505531e-02
 -30.102884 -2.517526e-01
 -30.070540 -1.842703e-01
 -30.038196 -1.700923e-01
 -30.005852 -3.969966e-03
 -29.973508 -1.273225e-01
 -29.941164 -1.556149e-01
 -29.908820 -9.679738e-03
 -29.876476  1.868967e-02
 -29.844132 -2.987154e-01
 -29.811788 -1.110792e-01
 -29.779444 -8.886132e-02
 -29.747100  2.825456e-02
 -29.714756 -4.172699e-02
 -29.682412 -2.104505e-01
 -29.650068 -6.408322e-02
 -29.617724 -4.662825e-02
 -29.585380 -2.435799e-01
 -29.553036  3.871450e-02
 -29.520692 -2.899052e-02
 -29.488348 -3.693533e-02
 -29.456004 -3.184812e-01
 -29.423660 -1.907318e-01
 -29.391316 -9.445459e-02
 -29.358972  8.165179e-03
 -29.326628 -1.649350e-01
 -29.294284 -1.462151e-01
 -29.261940 -1.514831e-01
 -29.229596 -5.676768e-02
 -29.197252 -2.549383e-01
 -29.164908 -1.485608e-01
 -29.132564 -1.590164e-01
 -29.100220  3.733890e-02
 -29.067876 -1.763255e-01
 -29.035532 -1.675124e-01
 -29.003188 -2.175921e-01
 -28.970844  5.336090e-02
 -28.938500 -3.333938e-01
 -28.906156 -1.853125e-01
 -28.873812 -7.306651e-02
 -28.841468  2.539242e-02
 -28.809124 -3.861088e-01
 -28.776780 -1.800443e-01
 -28.744436 -2.621881e-01
 -28.712092  2.418067e-02
 -28.679748 -3.025687e-01
 -28.647404 -1.633495e-01
 -28.615060 -1.527562e-01
 -28.582716  1.968335e-01
 -28.550372 -1.416217e-01
 -28.518028 -1.529260e-01
 -28.485684 -1.038054e-01
 -28.453340  1.099942e-01
 -28.420996 -7.924510e-02
 -28.388652 -7.980669e-02
 -28.356308 -1.422208e-01
 -28.323964 -6.795894e-03
 -28.291620 -2.417026e-01
 -28.259276 -1.444060e-01
 -28.226932 -6.933536e-02
 -28.194588  8.450673e-02
 -28.162244 -2.202951e-01
 -28.129900 -6.299991e-02
 -28.097556 -1.336664e-01
 -28.065212 -6.736800e-02
 -28.032868 -2.476657e-01
 -28.000524 -7.671818e-02
 -27.968180 -1.680641e-02
 -27.935836  3.750383e-02
 -27.903492 -1.591216e-01
 -27.871148 -6.226098e-02
 -27.838804 -4.104394e-02
 -27.806460 -1.700747e-03
 -27.774116 -2.663729e-01
 -27.741772 -1.186235e-02
 -27.709428 -7.988902e-02
 -27.677084 -1.707232e-02
 -27.644740 -1.216090e-01
 -27.612396  1.628970e-02
 -27.580052 -5.501475e-02
 -27.547708  6.290937e-02
 -27.515364 -7.674856e-02
 -27.483020 -1.054976e-01
 -27.450676 -3.484501e-02
 -27.418332  1.045089e-01
 -27.385988 -2.070557e-01
 -27.353644 -2.140589e-01
 -27.321300 -2.894067e-02
 -27.288956  1.084712e-01
 -27.256612 -1.736744e-01
 -27.224268 -2.128376e-01
 -27.191924  4.610502e-04
 -27.159580  7.034537e-03
 -27.127236 -1.069102e-01
 -27.094892 -1.738399e-01
 -27.062548 -2.085207e-01
 -27.030204  3.270613e-02
 -26.997860 -1.176740e-01
 -26.965516 -1.364831e-01
 -26.933172 -1.159470e-01
 -26.900828  1.200538e-02
 -26.868484 -2.216573e-01
 -26.836140  3.066810e-02
 -26.803796 -1.420271e-01
 -26.771452 -5.079044e-02
 -26.739108 -1.525270e-01
 -26.706764 -3.356496e-02
 -26.674420  4.482886e-02
 -26.642076  1.474789e-02
 -26.609732 -2.440462e-01
 -26.577388 -4.179142e-02
 -26.545044 -9.163720e-02
 -26.512700  1.561676e-02
 -26.480356 -1.477312e-01
 -26.448012 -8.939165e-02
 -26.415668 -1.907222e-01
 -26.383324  1.367762e-01
 -26.350980 -3.566118e-02
 -26.318636 -8.337555e-02
 -26.286292 -5.482011e-03
 -26.253948 -1.153310e-02
 -26.221604 -2.913494e-01
 -26.189260 -7.668908e-02
 -26.156916 -3.272336e-02
 -26.124572 -4.373491e-02
 -26.092228 -1.790450e-01
 -26.059884  1.674686e-02
 -26.027540 -1.040815e-01
 -25.995196  3.054705e-03
 -25.962852 -9.364661e-03
 -25.930508 -1.802917e-01
 -25.898164 -1.264822e-01
 -25.865820  5.873091e-02
 -25.833476 -2.391346e-01
 -25.801132 -8.346758e-02
 -25.768788 -5.769372e-02
 -25.736444 -1.594719e-01
 -25.704100 -2.494190e-01
 -25.671756 -6.169593e-02
 -25.639412 -7.300046e-02
 -25.607068  1.001350e-01
 -25.574724 -1.094638e-01
 -25.542380 -1.125775e-01
 -25.510036 -5.157644e-02
 -25.477692  9.387251e-02
 -25.445348  5.844769e-04
 -25.413004  3.934743e-02
 -25.380660 -1.705312e-01
 -25.348316 -5.146759e-02
 -25.315972 -1.331618e-01
 -25.283628 -2.809499e-02
 -25.251284 -4.701121e-02
 -25.218940  7.017493e-02
 -25.186596 -1.785528e-01
 -25.154252 -8.120846e-02
 -25.121908 -8.037756e-03
 -25.089564  1.972700e-02
 -25.057220 -8.995670e-02
 -25.024876 -1.145783e-01
 -24.992532 -3.263904e-01
 -24.960188  4.733734e-02
 -24.927844 -2.201827e-01
 -24.895500 -1.635757e-01
 -24.863156 -2.307413e-01
 -24.830812  7.025095e-02
 -24.798468 -1.190347e-01
 -24.766124 -7.240082e-02
 -24.733780 -2.083912e-03
 -24.701436 -6.028968e-02
 -24.669092  1.931455e-03
 -24.636748 -1.695259e-01
 -24.604404 -1.808086e-01
 -24.572060  7.921580e-02
 -24.539716 -5.810747e-02
 -24.507372 -1.644647e-01
 -24.475028 -9.952904e-03
 -24.442684  6.403635e-02
 -24.410340 -4.230676e-02
 -24.377996 -6.149818e-02
 -24.345652 -8.371837e-02
 -24.313308  1.122596e-01
 -24.280964 -2.848196e-02
 -24.248620  4.591637e-02
 -24.216276 -1.307789e-01
 -24.183932 -1.094638e-01
 -24.151588 -2.006891e-01
 -24.119244 -1.558773e-01
 -24.086900 -8.629263e-02
 -24.054556 -8.467512e-03
 -24.022212 -1.032539e-01
 -23.989868 -3.743419e-02
 -23.957524 -1.176924e-02
 -23.925180 -1.091487e-01
 -23.892836 -4.333667e-01
 -23.860492 -3.679617e-02
 -23.828148 -6.561113e-02
 -23.795804  7.462087e-02
 -23.763460 -1.032373e-01
 -23.731116 -9.756385e-02
 -23.698772 -1.538263e-01
 -23.666428  1.324839e-01
 -23.634084 -2.011601e-01
 -23.601740 -1.742413e-01
 -23.569396 -1.119996e-01
 -23.537052  5.768978e-02
 -23.504708 -1.015413e-01
 -23.472364 -1.413800e-01
 -23.440020 -2.297021e-02
 -23.407676 -5.286625e-02
 -23.375332 -1.611350e-01
 -23.342988  3.765554e-02
 -23.310644 -2.539517e-01
 -23.278300  6.717343e-02
 -23.245956 -2.079548e-01
 -23.213612 -2.033146e-02
 -23.181268 -3.771658e-02
 -23.148924  6.739268e-02
 -23.116580 -1.235278e-01
 -23.084236  1.640343e-02
 -23.051892 -8.093862e-02
 -23.019548  1.148070e-01
 -22.987204 -9.927162e-02
 -22.954860 -1.067963e-02
 -22.922516 -8.763981e-02
 -22.890172 -1.217756e-03
 -22.857828 -1.704596e-01
 -22.825484 -8.629263e-02
 -22.793140 -6.484128e-02
 -22.760796 -4.565466e-03
 -22.728452 -2.445950e-01
 -22.696108  6.228451e-02
 -22.663764 -6.579302e-02
 -22.631420  8.092193e-02
 -22.599076 -1.128697e-01
 -22.566732  7.147316e-03
 -22.534388 -4.036823e-04
 -22.502044  1.463983e-01
 -22.469700 -1.476497e-01
 -22.437356 -1.066304e-01
 -22.405012 -5.265269e-02
 -22.372668  4.237091e-01
 -22.340324 -1.406963e-01
 -22.307980 -8.565778e-03
 -22.275636 -8.736583e-02
 -22.243292  2.116194e-01
 -22.210948 -8.157393e-02
 -22.178604 -9.954417e-02
 -22.146260 -5.986149e-02
 -22.113916  5.304243e-02
 -22.081572 -3.276130e-01
 -22.049228 -3.629886e-02
 -22.016884 -2.996755e-02
 -21.984540  9.426992e-02
 -21.952196  1.731466e-01
 -21.919852 -4.788912e-04
 -21.887508 -1.583480e-01
 -21.855164  1.072628e-01
 -21.822820 -1.760488e-01
 -21.790476 -3.768253e-02
 -21.758132 -1.248719e-01
 -21.725788  1.717254e-01
 -21.693444 -1.614289e-01
 -21.661100 -4.128320e-02
 -21.628756 -1.436452e-01
 -21.596412  5.001237e-02
 -21.564068 -1.174277e-01
 -21.531724  2.682688e-02
 -21.499380 -7.156952e-02
 -21.467036  1.243219e-01
 -21.434692 -1.937366e-01
 -21.402348 -1.594601e-02
 -21.370004  3.325978e-02
 -21.337660  2.157399e-01
 -21.305316  9.634559e-02
 -21.272972  6.578129e-03
 -21.240628  2.873823e-02
 -21.208284  1.135501e-02
 -21.175940 -3.112036e-01
 -21.143596 -5.672713e-02
 -21.111252  7.924455e-02
 -21.078908  1.171342e-01
 -21.046564 -4.915253e-02
 -21.014220 -6.205014e-02
 -20.981876  2.560970e-02
 -20.949532  1.454238e-01
 -20.917188 -1.572354e-01
 -20.884844  7.823789e-03
 -20.852500 -9.738331e-03
 -20.820156 -1.087670e-02
 -20.787812 -1.338288e-01
 -20.755468  1.490721e-01
 -20.723124 -2.176747e-01
 -20.690780 -6.237762e-03
 -20.658436 -1.219249e-02
 -20.626092 -5.804562e-02
 -20.593748  5.550601e-02
 -20.561404  9.470326e-02
 -20.529060 -1.455334e-01
 -20.496716  3.750370e-03
 -20.464372 -3.877113e-02
 -20.432028  1.475654e-01
 -20.399684 -1.307474e-01
 -20.367340 -5.106727e-02
 -20.334996 -2.682328e-03
 -20.302652  1.233095e-01
 -20.270308  7.260095e-03
 -20.237964 -1.295444e-01
 -20.205620  9.415347e-02
 -20.173276 -1.233456e-02
 -20.140932 -1.071979e-01
 -20.108588  2.071618e-02
 -20.076244  3.072655e-02
 -20.043900  6.440270e-02
 -20.011556 -4.580916e-02
 -19.979212  1.669532e-02
 -19.946868  1.479210e-02
 -19.914524  1.187251e-01
 -19.882180 -1.889470e-01
 -19.849836 -3.901954e-02
 -19.817492  1.575944e-02
 -19.785148  2.615402e-01
 -19.752804 -1.434978e-01
 -19.720460 -3.262367e-02
 -19.688116 -7.156952e-02
 -19.655772  2.000912e-02
 -19.623428 -9.786977e-02
 -19.591084 -1.638592e-01
 -19.558740 -7.791664e-02
 -19.526396  1.039750e-01
 -19.494052  5.619293e-02
 -19.461708  1.156583e-01
 -19.429364 -4.750716e-02
 -19.397020  1.673212e-01
 -19.364676  3.806996e-02
 -19.332332  8.356462e-02
 -19.299988 -9.929318e-02
 -19.267644  1.649292e-01
 -19.235300 -6.269487e-02
 -19.202956  2.421376e-02
 -19.170612 -1.233380e-01
 -19.138268  1.887652e-01
 -19.105924 -1.495598e-01
 -19.073580  8.616703e-03
 -19.041236  7.037004e-02
 -19.008892  1.028403e-01
 -18.976548 -1.318834e-01
 -18.944204 -1.006962e-01
 -18.911860  1.596822e-01
 -18.879516  2.625391e-01
 -18.847172 -6.222545e-02
 -18.814828  5.254751e-03
 -18.782484 -1.003720e-02
 -18.750140  8.299964e-02
 -18.717796 -2.136325e-01
 -18.685452 -6.256290e-02
 -18.653108 -9.413964e-02
 -18.620764  4.605391e-02
 -18.588420 -9.589617e-02
 -18.556076 -1.129676e-02
 -18.523732  8.135621e-04
 -18.491388  2.232622e-01
 -18.459044 -7.126964e-02
 -18.426700 -4.637475e-02
 -18.394356  6.935245e-02
 -18.362012  3.540871e-01
 -18.329668 -1.859638e-01
 -18.297324 -6.087067e-02
 -18.264980 -6.980045e-02
 -18.232636  1.222845e-01
 -18.200292 -9.361169e-02
 -18.167948  6.658315e-02
 -18.135604 -9.445459e-02
 -18.103260  4.050588e-02
 -18.070916 -1.318081e-01
 -18.038572 -6.923269e-02
 -18.006228 -4.799408e-02
 -17.973884 -2.002364e-02
 -17.941540 -2.849393e-01
 -17.909196 -1.441776e-01
 -17.876852 -1.395368e-01
 -17.844508  1.857155e-01
 -17.812164 -8.353648e-02
 -17.779820 -1.408607e-02
 -17.747476 -5.434784e-02
 -17.715132  9.181949e-02
 -17.682788 -1.225432e-01
 -17.650444 -1.029457e-01
 -17.618100 -8.623166e-02
 -17.585756  1.102634e-01
 -17.553412 -7.660004e-02
 -17.521068  5.821991e-02
 -17.488724  1.011137e-01
 -17.456380  7.618683e-02
 -17.424036 -1.333421e-01
 -17.391692 -6.139130e-02
 -17.359348  1.373294e-02
 -17.327004  1.102512e-01
 -17.294660 -9.446639e-02
 -17.262316  6.019060e-02
 -17.229972 -1.111674e-01
 -17.197628  4.373267e-02
 -17.165284 -3.607146e-03
 -17.132940  6.171973e-02
 -17.100596 -4.153419e-02
 -17.068252  1.210953e-01
 -17.035908 -2.828081e-02
 -17.003564 -9.557939e-03
 -16.971220 -5.804562e-02
 -16.938876  1.480959e-01
 -16.906532 -6.776540e-02
 -16.874188  1.019148e-01
 -16.841844 -1.892749e-01
 -16.809500  2.352672e-01
 -16.777156 -2.581271e-01
 -16.744812 -7.047421e-02
 -16.712468 -1.388635e-01
 -16.680124  2.822581e-02
 -16.647780 -1.517184e-01
 -16.615436 -8.332420e-03
 -16.583092 -4.607405e-02
 -16.550748  6.999867e-02
 -16.518404 -1.990815e-01
 -16.486060  5.982547e-02
 -16.453716  1.171342e-01
 -16.421372  1.387892e-01
 -16.389028 -1.170557e-01
 -16.356684  7.486739e-03
 -16.324340  6.165598e-02
 -16.291996  1.598327e-01
 -16.259652 -1.049393e-01
 -16.227308 -7.972979e-02
 -16.194964 -7.523000e-02
 -16.162620 -2.650096e-02
 -16.130276 -1.443682e-01
 -16.097932  3.965559e-02
 -16.065588  7.669369e-02
 -16.033244 -4.317312e-02
 -16.000900 -1.266554e-01
 -15.968556 -1.971636e-02
 -15.936212 -1.242661e-01
 -15.903868  5.211619e-02
 -15.871524 -1.493398e-01
 -15.839180 -1.558280e-01
 -15.806836 -5.691607e-02
 -15.774492  1.072671e-01
 -15.742148 -1.816711e-01
 -15.709804 -7.665863e-02
 -15.677460  2.042022e-02
 -15.645116  7.866133e-02
 -15.612772 -1.165212e-01
 -15.580428 -3.449351e-02
 -15.548084 -3.587297e-02
 -15.515740  8.092492e-02
 -15.483396 -1.314876e-01
 -15.451052 -1.531321e-02
 -15.418708 -8.323558e-02
 -15.386364  2.206714e-01
 -15.354020 -6.426049e-02
 -15.321676 -1.009760e-01
 -15.289332 -5.172231e-02
 -15.256988  1.467116e-01
 -15.224644 -1.262083e-01
 -15.192300  5.675906e-02
 -15.159956  1.632721e-02
 -15.127612  8.356801e-02
 -15.095268 -1.145551e-01
 -15.062924 -1.303694e-02
 -15.030580  1.553728e-02
 -14.998236  1.758283e-01
 -14.965892  2.200958e-02
 -14.933548  1.414901e-01
 -14.901204 -1.658718e-01
 -14.868860  7.239071e-02
 -14.836516 -1.111586e-01
 -14.804172  2.525340e-02
 -14.771828 -6.044349e-02
 -14.739484 -2.119641e-04
 -14.707140 -3.293868e-01
 -14.674796  5.572812e-03
 -14.642452  3.601457e-02
 -14.610108  1.664744e-02
 -14.577764 -2.455913e-01
 -14.545420 -3.697642e-02
 -14.513076 -1.037943e-01
 -14.480732  1.686564e-01
 -14.448388 -9.587514e-02
 -14.416044 -1.307725e-01
 -14.383700  2.846847e-03
 -14.351356  2.167111e-01
 -14.319012  1.731136e-02
 -14.286668  2.177344e-02
 -14.254324  1.504607e-01
 -14.221980  5.975616e-02
 -14.189636 -1.046476e-01
 -14.157292  5.885935e-02
 -14.124948 -1.701549e-02
 -14.092604  1.701639e-01
 -14.060260 -1.617381e-01
 -14.027916  2.895335e-02
 -13.995572 -6.205142e-03
 -13.963228  9.977529e-02
 -13.930884  2.582679e-02
 -13.898540 -8.099979e-02
 -13.866196 -7.316634e-02
 -13.833852 -5.455489e-02
 -13.801508 -5.809418e-02
 -13.769164 -9.480235e-02
 -13.736820 -4.713471e-02
 -13.704476  1.352394e-01
 -13.672132 -5.245073e-02
 -13.639788 -1.913083e-02
 -13.607444 -1.806149e-02
 -13.575100  9.696916e-02
 -13.542756 -1.204925e-01
 -13.510412 -4.316966e-02
 -13.478068 -6.153412e-02
 -13.445724  1.240152e-01
 -13.413380 -9.490645e-02
 -13.381036  1.013773e-01
 -13.348692  2.099214e-01
 -13.316348  1.430018e-01
 -13.284004 -1.171386e-01
 -13.251660  7.695573e-02
 -13.219316 -1.412595e-02
 -13.186972  4.518599e-02
 -13.154628 -2.367430e-01
 -13.122284  7.796471e-02
 -13.089940  5.718285e-02
 -13.057596  7.430165e-02
 -13.025252 -1.238524e-01
 -12.992908  6.886858e-02
 -12.960564 -1.343126e-01
 -12.928220  4.188656e-02
 -12.895876 -1.495651e-01
 -12.863532  9.210518e-04
 -12.831188 -5.124610e-02
 -12.798844  1.713938e-02
 -12.766500 -1.395935e-01
 -12.734156 -2.511770e-02
 -12.701812 -1.102973e-01
 -12.669468  1.934980e-02
 -12.637124 -1.174067e-01
 -12.604780 -1.787371e-02
 -12.572436  1.982086e-02
 -12.540092  1.849037e-01
 -12.507748  6.105418e-02
 -12.475404  1.272275e-03
 -12.443060  1.740861e-02
 -12.410716  2.085988e-01
 -12.378372 -1.235784e-01
 -12.346028 -9.983748e-02
 -12.313684  6.714901e-02
 -12.281340  9.839209e-02
 -12.248996 -1.589759e-02
 -12.216652  8.207143e-02
 -12.184308 -6.089610e-02
 -12.151964  1.902176e-01
 -12.119620  1.895389e-02
 -12.087276  1.851952e-02
 -12.054932  5.811392e-03
 -12.022588  1.416322e-01
 -11.990244 -1.792368e-01
 -11.957900  3.809100e-03
 -11.925556  8.911631e-02
 -11.893212  1.333566e-01
 -11.860868 -2.398227e-01
 -11.828524 -3.555430e-02
 -11.796180 -2.172123e-02
 -11.763836  1.038724e-01
 -11.731492 -4.021807e-02
 -11.699148  2.212107e-02
 -11.666804  1.097312e-01
 -11.634460  1.320077e-01
 -11.602116 -1.030070e-01
 -11.569772 -1.945777e-02
 -11.537428  4.595679e-02
 -11.505084  1.656441e-01
 -11.472740 -2.330817e-01
 -11.440396  1.042357e-01
 -11.408052  5.082943e-02
 -11.375708  1.673417e-01
 -11.343364 -7.827159e-02
 -11.311020  6.579464e-02
 -11.278676  8.168202e-02
 -11.246332  2.053224e-01
 -11.213988 -3.965302e-02
 -11.181644 -9.779564e-03
 -11.149300  3.453128e-02
 -11.116956  1.522634e-01
 -11.084612 -1.543901e-02
 -11.052268  1.607113e-02
 -11.019924  9.269915e-03
 -10.987580  1.481166e-01
 -10.955236 -5.820255e-02
 -10.922892  1.679385e-01
 -10.890548 -3.004364e-02
 -10.858204  9.400530e-03
 -10.825860 -7.972979e-02
 -10.793516  5.074547e-02
 -10.761172  8.583309e-02
 -10.728828  9.334137e-02
 -10.696484 -2.181552e-01
 -10.664140 -8.827946e-02
 -10.631796  1.041527e-01
 -10.599452  6.212928e-02
 -10.567108 -6.260915e-02
 -10.534764  8.713565e-02
 -10.502420 -2.290203e-01
 -10.470076  1.543229e-01
 -10.437732 -9.925724e-02
 -10.405388  6.808570e-02
 -10.373044 -3.203603e-02
 -10.340700  1.717135e-01
 -10.308356 -4.858043e-02
 -10.276012 -1.398296e-01
 -10.243668  7.093536e-02
 -10.211324  7.733842e-02
 -10.178980 -1.596888e-01
 -10.146636  1.308777e-01
 -10.114292  7.660037e-02
 -10.081948  1.093316e-01
 -10.049604 -2.049673e-01
 -10.017260 -2.568356e-02
  -9.984916  6.700036e-02
  -9.952572  1.506157e-01
  -9.920228 -1.157059e-01
  -9.887884  1.107360e-01
  -9.855540 -2.778344e-02
  -9.823196  5.304243e-02
  -9.790852 -1.814938e-02
  -9.758508  5.222863e-02
  -9.726164 -1.258762e-01
  -9.693820  5.909502e-02
  -9.661476 -1.891929e-01
  -9.629132  1.011137e-01
  -9.596788  5.481516e-02
  -9.564444  1.220571e-01
  -9.532100 -2.104505e-01
  -9.499756  6.525367e-02
  -9.467412  5.659569e-02
  -9.435068  9.171322e-02
  -9.402724 -1.049426e-01
  -9.370380 -3.870358e-02
  -9.338036  8.507944e-02
  -9.305692  7.713993e-03
  -9.273348 -6.605669e-02
  -9.241004 -5.101193e-02
  -9.208660 -8.846175e-02
  -9.176316 -4.972164e-03
  -9.143972 -3.716198e-01
  -9.111628  3.446333e-02
  -9.079284 -8.487003e-02
  -9.046940  3.502539e-02
  -9.014596 -1.895937e-01
  -8.982252 -2.608951e-02
  -8.949908  1.334534e-01
  -8.917564  3.954254e-02
  -8.885220 -1.060651e-01
  -8.852876  7.715418e-03
  -8.820532 -2.032879e-01
  -8.788188 -2.374353e-02
  -8.755844 -8.373878e-02
  -8.723500  1.473149e-03
  -8.691156 -1.142535e-01
  -8.658812  2.645430e-02
  -8.626468 -1.987098e-01
  -8.594124 -5.319265e-02
  -8.561780 -8.292708e-02
  -8.529436  1.523601e-01
  -8.497092  1.618127e-02
  -8.464748  1.065189e-02
  -8.432404  1.495817e-01
  -8.400060  2.326624e-01
  -8.367716 -5.635129e-02
  -8.335372  1.471817e-01
  -8.303028  3.014143e-02
  -8.270684  1.965502e-01
  -8.238340 -5.943451e-02
  -8.205996 -6.734758e-02
  -8.173652  1.370183e-01
  -8.141308  2.738546e-01
  -8.108964 -6.733748e-02
  -8.076620 -8.332855e-02
  -8.044276 -1.357970e-01
  -8.011932  1.045733e-01
  -7.979588 -5.283539e-02
  -7.947244 -6.933698e-03
  -7.914900 -1.388967e-02
  -7.882556  1.657680e-01
  -7.850212 -1.562951e-01
  -7.817868  6.808503e-03
  -7.785524 -3.757185e-02
  -7.753180  1.261229e-01
  -7.720836 -1.282055e-01
  -7.688492  6.279015e-02
  -7.656148  1.947526e-02
  -7.623804  4.358334e-02
  -7.591460 -7.436459e-02
  -7.559116  1.147941e-01
  -7.526772  1.990416e-01
  -7.494428  7.370826e-02
  -7.462084  1.699168e-02
  -7.429740 -4.403873e-02
  -7.397396 -3.196787e-03
  -7.365052  5.098663e-02
  -7.332708 -7.126638e-02
  -7.300364  2.700822e-02
  -7.268020 -4.838403e-02
  -7.235676  1.025121e-01
  -7.203332 -2.192760e-01
  -7.170988 -2.050412e-02
  -7.138644 -9.073930e-03
  -7.106300  1.387892e-01
  -7.073956 -1.625264e-01
  -7.041612  1.696767e-02
  -7.009268 -6.256501e-02
  -6.976924  1.032289e-01
  -6.944580 -1.077448e-01
  -6.912236 -8.530786e-02
  -6.879892 -7.236732e-02
  -6.847548  1.329758e-01
  -6.815204 -1.208237e-01
  -6.782860  4.703203e-02
  -6.750516 -9.678782e-02
  -6.718172  5.489892e-02
  -6.685828 -4.468354e-02
  -6.653484  4.919098e-02
  -6.621140  1.748525e-02
  -6.588796  2.286841e-02
  -6.556452 -2.693316e-01
  -6.524108  3.759865e-03
  -6.491764 -5.903466e-02
  -6.459420  2.086063e-01
  -6.427076 -1.373359e-01
  -6.394732  2.017892e-01
  -6.362388  1.061726e-01
  -6.330044  1.383940e-01
  -6.297700  1.027456e-03
  -6.265356  2.000428e-01
  -6.233012  5.760243e-02
  -6.200668  7.697337e-02
  -6.168324 -9.732290e-02
  -6.135980  8.356381e-02
  -6.103636 -6.577444e-02
  -6.071292  1.174604e-01
  -6.038948 -1.049282e-01
  -6.006604  2.833676e-02
  -5.974260  3.757951e-02
  -5.941916  1.925173e-01
  -5.909572 -1.091744e-01
  -5.877228  1.153683e-01
  -5.844884  2.199263e-02
  -5.812540  3.212255e-01
  -5.780196 -2.517526e-01
  -5.747852  5.191233e-02
  -5.715508 -3.784455e-02
  -5.683164 -1.817400e-02
  -5.650820 -2.103221e-01
  -5.618476 -1.219751e-01
  -5.586132 -5.378279e-02
  -5.553788 -4.781871e-02
  -5.521444 -2.049879e-01
  -5.489100  6.141238e-02
  -5.456756 -1.852345e-01
  -5.424412  1.205290e-01
  -5.392068 -3.247650e-02
  -5.359724  1.714361e-01
  -5.327380 -1.269778e-01
  -5.295036  3.275841e-02
  -5.262692 -1.813726e-01
  -5.230348  3.559180e-02
  -5.198004  7.941655e-03
  -5.165660 -8.546789e-03
  -5.133316 -1.753042e-01
  -5.100972  1.644873e-02
  -5.068628  1.495147e-02
  -5.036284  1.959827e-01
  -5.003940 -4.162973e-03
  -4.971596  4.789528e-03
  -4.939252  1.803717e-01
  -4.906908  1.485060e-01
  -4.874564 -1.416003e-01
  -4.842220 -3.901954e-02
  -4.809876 -8.096371e-02
  -4.777532  2.860382e-02
  -4.745188 -1.854774e-01
  -4.712844  8.130578e-02
  -4.680500 -1.794342e-01
  -4.648156 -1.395277e-01
  -4.615812 -1.291634e-01
  -4.583468 -8.795048e-02
  -4.551124 -2.185892e-01
  -4.518780  1.043628e-01
  -4.486436 -2.844703e-02
  -4.454092  4.409061e-02
  -4.421748  1.571753e-02
  -4.389404  8.394548e-02
  -4.357060 -1.422927e-01
  -4.324716  6.564890e-02
  -4.292372 -7.573402e-02
  -4.260028  2.752567e-02
  -4.227684 -1.965446e-01
  -4.195340  1.244074e-04
  -4.162996 -1.140180e-01
  -4.130652  6.042470e-02
  -4.098308 -6.731930e-02
  -4.065964 -1.674517e-01
  -4.033620 -1.301802e-01
  -4.001276  2.724301e-02
  -3.968932 -1.040999e-01
  -3.936588 -3.957069e-02
  -3.904244  6.836904e-02
  -3.871900  1.930826e-01
  -3.839556 -7.921723e-02
  -3.807212  1.754090e-01
  -3.774868 -1.574270e-02
  -3.742524  3.774770e-02
  -3.710180 -8.075911e-02
  -3.677836  1.486033e-01
  -3.645492 -7.130409e-02
  -3.613148  3.587555e-02
  -3.580804 -5.987247e-02
  -3.548460  9.052155e-03
  -3.516116 -2.616954e-02
  -3.483772  3.275841e-02
  -3.451428 -1.945445e-01
  -3.419084 -9.727604e-02
  -3.386740  8.902171e-02
  -3.354396  1.139585e-01
  -3.322052 -1.413917e-01
  -3.289708  3.403866e-02
  -3.257364  4.492462e-02
  -3.225020  2.067116e-01
  -3.192676  7.260638e-03
  -3.160332  4.872535e-02
  -3.127988 -9.258120e-03
  -3.095644  7.489383e-02
  -3.063300 -6.783566e-02
  -3.030956  5.556129e-03
  -2.998612  9.884898e-02
  -2.966268  1.480628e-01
  -2.933924 -5.741832e-02
  -2.901580 -1.573998e-03
  -2.869236 -1.162934e-02
  -2.836892  1.969091e-01
  -2.804548 -1.611199e-01
  -2.772204  5.950510e-02
  -2.739860  5.813025e-02
  -2.707516  1.360417e-01
  -2.675172 -6.761105e-02
  -2.642828  1.517344e-02
  -2.610484 -6.862919e-02
  -2.578140  1.270507e-01
  -2.545796 -2.300412e-02
  -2.513452 -1.942168e-01
  -2.481108 -8.644447e-02
  -2.448764  2.315277e-01
  -2.416420 -9.756385e-02
  -2.384076 -1.176843e-02
  -2.351732  9.301958e-02
  -2.319388  1.371793e-01
  -2.287044 -5.707909e-03
  -2.254700 -8.835282e-03
  -2.222356 -2.496240e-02
  -2.190012  2.186102e-01
  -2.157668 -1.309716e-01
  -2.125324 -1.797191e-02
  -2.092980 -1.498264e-01
  -2.060636  2.144670e-02
  -2.028292  2.297916e-02
  -1.995948 -7.570769e-03
  -1.963604 -1.207822e-01
  -1.931260  5.035295e-02
  -1.898916 -9.198565e-02
  -1.866572 -1.341212e-01
  -1.834228  4.965844e-02
  -1.801884  9.904280e-02
  -1.769540 -1.396953e-01
  -1.737196 -6.247759e-02
  -1.704852 -1.023913e-01
  -1.672508  5.424794e-02
  -1.640164 -2.123378e-01
  -1.607820 -1.334512e-01
  -1.575476 -9.444129e-02
  -1.543132  7.035159e-02
  -1.510788 -2.025744e-01
  -1.478444  7.980302e-02
  -1.446100  1.071635e-01
  -1.413756  9.430301e-02
  -1.381412 -1.721735e-01
  -1.349068  1.474789e-02
  -1.316724  9.751400e-02
  -1.284380  9.680837e-02
  -1.252036 -2.866662e-01
  -1.219692  5.655697e-02
  -1.187348 -1.832476e-02
  -1.155004  1.184902e-01
  -1.122660  3.865332e-02
  -1.090316  2.533262e-03
  -1.057972 -1.685095e-01
  -1.025628  1.486916e-03
  -0.993284 -2.755904e-01
  -0.960940 -7.644419e-03
  -0.928596 -1.069138e-01
  -0.896252  6.702484e-02
  -0.863908 -1.120229e-02
  -0.831564 -2.713535e-01
  -0.799220 -4.184879e-02
  -0.766876  5.073381e-02
  -0.734532 -1.168198e-01
  -0.702188 -6.033485e-02
  -0.669844 -2.017738e-02
  -0.637500  7.356977e-02
  -0.605156 -1.794776e-01
  -0.572812 -8.875567e-02
  -0.540468 -1.945777e-02
  -0.508124  5.538591e-02
  -0.475780 -1.739423e-01
  -0.443436 -2.416670e-02
  -0.411092 -8.757089e-03
  -0.378748  3.311120e-02
  -0.346404 -9.449012e-02
  -0.314060  4.584693e-02
  -0.281716 -1.426835e-03
  -0.249372  2.266603e-01
  -0.217028  2.887292e-02
  -0.184684  1.124367e-01
  -0.152340  2.860383e-01
  -0.119996  1.136266e+00
  -0.087652  2.882612e+00
  -0.055308  4.745057e+00
  -0.022964  7.088970e+00
   0.009380  7.900707e+00
   0.041724  6.211297e+00
   0.074068  3.751051e+00
   0.106412  1.863475e+00
   0.138756  1.162341e+00
   0.171100  8.255449e-01
   0.203444  3.887805e-01
   0.235788  2.360638e-01
   0.268132  3.640084e-01
   0.300476  9.753530e-02
   0.332820  1.375858e-01
   0.365164  1.359668e-01
   0.397508  3.386727e-01
   0.429852  2.617086e-01
   0.462196  6.533053e-01
   0.494540  5.048190e-01
   0.526884  7.479803e-01
   0.559228  6.597143e-01
   0.591572  7.205864e-01
   0.623916  8.229616e-01
   0.656260  9.277138e-01
   0.688604  8.434118e-01
   0.720948  1.370137e+00
   0.753292  1.303669e+00
   0.785636  1.762577e+00
   0.817980  1.871178e+00
   0.850324  2.547052e+00
   0.882668  3.441803e+00
   0.915012  4.767989e+00
   0.947356  6.270943e+00
   0.979700  7.958040e+00
   1.012044  1.044679e+01
   1.044388  1.236000e+01
   1.076732  1.323115e+01
   1.109076  1.499622e+01
   1.141420  1.517005e+01
   1.173764  1.494322e+01
   1.206108  1.296826e+01
   1.238452  1.099711e+01
   1.270796  9.165527e+00
   1.303140  7.369026e+00
   1.335484  6.013269e+00
   1.367828  4.452660e+00
   1.400172  3.684830e+00
   1.432516  3.382574e+00
   1.464860  3.215038e+00
   1.497204  3.388860e+00
   1.529548  3.607813e+00
   1.561892  3.699245e+00
   1.594236  3.366021e+00
   1.626580  4.145497e+00
   1.658924  5.008844e+00
   1.691268  6.426171e+00
   1.723612  7.074960e+00
   1.755956  6.936462e+00
   1.788300  6.400670e+00
   1.820644  6.218409e+00
   1.852988  5.692083e+00
   1.885332  5.097608e+00
   1.917676  4.415994e+00
   1.950020  4.080403e+00
   1.982364  3.311231e+00
   2.014708  3.238641e+00
   2.047052  3.352012e+00
   2.079396  3.089809e+00
   2.111740  3.065151e+00
   2.144084  2.664226e+00
   2.176428  2.343445e+00
   2.208772  2.393412e+00
   2.241116  2.370042e+00
   2.273460  2.377593e+00
   2.305804  2.389388e+00
   2.338148  2.124552e+00
   2.370492  2.260060e+00
   2.402836  2.383851e+00
   2.435180  2.397671e+00
   2.467524  2.821675e+00
   2.499868  2.869096e+00
   2.532212  2.309020e+00
   2.564556  2.582482e+00
   2.596900  3.391562e+00
   2.629244  3.292145e+00
   2.661588  3.377674e+00
   2.693932  2.879259e+00
   2.726276  2.793649e+00
   2.758620  2.716282e+00
   2.790964  2.897443e+00
   2.823308  2.770596e+00
   2.855652  2.680699e+00
   2.887996  2.898901e+00
   2.920340  2.868619e+00
   2.952684  2.653996e+00
   2.985028  2.599405e+00
   3.017372  1.945301e+00
   3.049716  2.160198e+00
   3.082060  2.094722e+00
   3.114404  1.909671e+00
   3.146748  1.437415e+00
   3.179092  1.370090e+00
   3.211436  1.642746e+00
   3.243780  1.871422e+00
   3.276124  1.992662e+00
   3.308468  1.790976e+00
   3.340812  1.800421e+00
   3.373156  1.864346e+00
   3.405500  1.707128e+00
   3.437844  1.823688e+00
   3.470188  1.275443e+00
   3.502532  1.377120e+00
   3.534876  1.335607e+00
   3.567220  1.728378e+00
   3.599564  1.359935e+00
   3.631908  1.402806e+00
   3.664252  1.484568e+00
   3.696596  1.194543e+00
   3.728940  1.106810e+00
   3.761284  1.612509e+00
   3.793628  1.656758e+00
   3.825972  1.833600e+00
   3.858316  1.366676e+00
   3.890660  1.355536e+00
   3.923004  1.115997e+00
   3.955348  1.122465e+00
   3.987692  1.307609e+00
   4.020036  1.273416e+00
   4.052380  1.123560e+00
   4.084724  1.062342e+00
   4.117068  1.270019e+00
   4.149412  1.046155e+00
   4.181756  7.324804e-01
   4.214100  1.045691e+00
   4.246444  1.073793e+00
   4.278788  8.718581e-01
   4.311132  6.763744e-01
   4.343476  7.865244e-01
   4.375820  8.651627e-01
   4.408164  8.890677e-01
   4.440508  7.632014e-01
   4.472852  7.447262e-01
   4.505196  7.307418e-01
   4.537540  7.061490e-01
   4.569884  4.180179e-01
   4.602228  5.138988e-01
   4.634572  7.109002e-01
   4.666916  7.024437e-01
   4.699260  4.355744e-01
   4.731604  4.514821e-01
   4.763948  4.245575e-01
   4.796292  5.616643e-01
   4.828636  4.947821e-01
   4.860980  4.707879e-01
   4.893324  4.384367e-01
   4.925668  7.472704e-01
   4.958012  4.986136e-01
   4.990356  6.663741e-01
   5.022700  8.617919e-01
   5.055044  6.443706e-01
   5.087388  2.974459e-01
   5.119732  3.921367e-01
   5.152076  4.486327e-01
   5.184420  6.242292e-01
   5.216764  8.771460e-02
   5.249108  3.728211e-01
   5.281452  2.870857e-01
   5.313796  2.956574e-01
   5.346140  1.405774e-01
   5.378484  2.945208e-01
   5.410828  3.795320e-01
   5.443172  3.555209e-01
   5.475516  1.670272e-01
   5.507860  3.760030e-01
   5.540204  2.775539e-01
   5.572548  4.435223e-01
   5.604892  1.030492e-01
   5.637236  1.038279e-01
   5.669580  8.015662e-02
   5.701924  2.730069e-01
   5.734268  6.259091e-02
   5.766612  2.312544e-02
   5.798956  2.727556e-02
   5.831300  1.472769e-01
   5.863644  8.981259e-02
   5.895988  3.226610e-01
   5.928332  3.144948e-01
   5.960676  3.149372e-01
   5.993020  2.404735e-01
   6.025364  1.504607e-01
   6.057708  2.948059e-01
   6.090052  3.523523e-01
   6.122396  2.844560e-02
   6.154740  4.249634e-01
   6.187084  3.153048e-01
   6.219428  2.205574e-01
   6.251772  8.299930e-02
   6.284116  1.079432e-01
   6.316460  1.244546e-01
   6.348804  3.277375e-01
   6.381148  5.647796e-02
   6.413492  9.543426e-02
   6.445836  1.312991e-01
   6.478180  1.641214e-01
   6.510524 -3.861488e-02
   6.542868  3.679140e-01
   6.575212 -1.456214e-02
   6.607556  2.326624e-01
   6.639900  1.274846e-01
   6.672244  1.216070e-01
   6.704588  6.958974e-02
   6.736932  3.019045e-01
   6.769276 -2.024560e-02
   6.801620  1.545364e-01
   6.833964  5.672461e-02
   6.866308  3.947771e-02
   6.898652 -1.524492e-01
   6.930996  1.504849e-01
   6.963340  2.254536e-01
   6.995684  2.948728e-01
   7.028028  1.769799e-01
   7.060372  2.097897e-01
   7.092716  2.586269e-01
   7.125060  2.029898e-01
   7.157404  4.365469e-03
   7.189748  1.758677e-01
   7.222092  1.102480e-01
   7.254436  2.135090e-01
   7.286780  5.011844e-02
   7.319124  9.864464e-02
   7.351468  3.410566e-02
   7.383812  6.298913e-02
   7.416156 -9.927162e-02
   7.448500  7.037004e-02
   7.480844  7.146773e-03
   7.513188  3.031295e-01
   7.545532  1.083715e-01
   7.577876  2.913691e-01
   7.610220  1.650270e-01
   7.642564  2.466200e-01
   7.674908 -3.481266e-02
   7.707252  7.696455e-02
   7.739596  1.448187e-01
   7.771940  1.958496e-01
   7.804284 -2.172123e-02
   7.836628 -2.018233e-01
   7.868972  6.248321e-02
   7.901316  2.267585e-01
   7.933660 -4.146929e-02
   7.966004 -1.404660e-02
   7.998348 -3.505531e-02
   8.030692  5.197757e-02
   8.063036  1.132193e-01
   8.095380  1.135501e-02
   8.127724  3.658586e-02
   8.160068  1.948462e-01
   8.192412 -7.349959e-02
   8.224756  1.594447e-01
   8.257100 -8.606157e-02
   8.289444  2.751797e-01
   8.321788 -4.354611e-02
   8.354132  1.402564e-01
   8.386476  5.777767e-02
   8.418820  2.296989e-01
   8.451164 -1.616472e-01
   8.483508  2.732891e-01
   8.515852  1.195676e-01
   8.548196  1.832029e-01
   8.580540 -1.037970e-01
   8.612884  1.929486e-01
   8.645228  4.664961e-02
   8.677572  2.984233e-01
   8.709916 -3.870358e-02
   8.742260  5.432261e-02
   8.774604  2.047936e-02
   8.806948  2.452164e-01
   8.839292 -3.654809e-02
   8.871636 -7.870785e-02
   8.903980 -1.666787e-01
   8.936324  1.037654e-01
   8.968668 -8.628306e-02
   9.001012 -8.736583e-02
   9.033356  9.054257e-02
   9.065700  1.800666e-01
   9.098044 -1.788391e-01
   9.130388  7.980999e-04
   9.162732  2.475210e-03
   9.195076  2.272573e-02
   9.227420 -1.955367e-01
   9.259764  8.602976e-02
   9.292108 -4.109765e-02
   9.324452  8.582075e-02
   9.356796  4.888880e-03
   9.389140  1.423465e-01
   9.421484 -1.142759e-01
   9.453828  7.675432e-02
   9.486172 -2.930486e-01
   9.518516  3.170210e-02
   9.550860 -1.205602e-01
   9.583204  1.911170e-01
   9.615548 -6.138207e-03
   9.647892 -6.561113e-02
   9.680236  1.159291e-01
   9.712580 -3.740347e-02
   9.744924 -6.346941e-02
   9.777268 -2.782685e-02
   9.809612 -3.569319e-02
   9.841956  1.654966e-01
   9.874300 -2.174676e-01
   9.906644  1.494397e-01
   9.938988 -6.485369e-02
   9.971332  2.822581e-02
  10.003676 -3.475318e-02
  10.036020  4.128082e-02
  10.068364  2.224627e-01
  10.100708  1.944125e-01
  10.133052 -2.348502e-01
  10.165396 -1.275781e-02
  10.197740  2.456505e-02
  10.230084  6.125268e-02
  10.262428 -1.266760e-01
  10.294772  3.066166e-03
  10.327116  8.845721e-03
  10.359460  1.768385e-01
  10.391804 -1.761023e-01
  10.424148  1.074735e-01
  10.456492  1.874623e-02
  10.488836  1.735605e-01
  10.521180 -4.272960e-02
  10.553524  9.070873e-03
  10.585868 -3.681624e-02
  10.618212  9.991215e-03
  10.650556  5.022647e-02
  10.682900  6.095557e-02
  10.715244  2.984582e-02
  10.747588  1.806474e-01
  10.779932  8.450456e-02
  10.812276  2.748865e-01
  10.844620  1.931124e-01
  10.876964  3.033669e-01
  10.909308  1.053086e-01
  10.941652  1.269134e-01
  10.973996  1.657680e-01
  11.006340  1.592665e-01
  11.038684  1.056419e-01
  11.071028  9.547075e-02
  11.103372  1.435471e-01
  11.135716  3.345374e-01
  11.168060  1.536328e-01
  11.200404  1.260839e-01
  11.232748  1.528827e-01
  11.265092  1.917889e-01
  11.297436  8.299964e-02
  11.329780  8.224762e-02
  11.362124  1.507176e-01
  11.394468  1.153128e-01
  11.426812  1.185958e-01
  11.459156  4.815962e-02
  11.491500  1.940798e-01
  11.523844  3.398146e-01
  11.556188  1.909550e-01
  11.588532  1.091162e-01
  11.620876  2.535330e-01
  11.653220  4.048066e-01
  11.685564  1.667542e-01
  11.717908  1.718699e-01
  11.750252  1.567394e-01
  11.782596  3.397463e-01
  11.814940 -3.988631e-02
  11.847284  2.699022e-01
  11.879628  7.509809e-02
  11.911972  2.347027e-01
  11.944316  8.148393e-02
  11.976660  2.292262e-01
  12.009004  2.620725e-01
  12.041348  3.096638e-01
  12.073692  7.558095e-02
  12.106036  1.688948e-01
  12.138380  1.471561e-01
  12.170724  1.473737e-01
  12.203068  1.525209e-01
  12.235412  1.298169e-01
  12.267756  2.431933e-01
  12.300100  1.256612e-01
  12.332444 -1.074739e-01
  12.364788  2.614087e-01
  12.397132  1.111887e-01
  12.429476  1.758283e-01
  12.461820  2.148671e-01
  12.494164  9.710873e-02
  12.526508  2.142622e-02
  12.558852  1.949115e-01
  12.591196  2.868554e-02
  12.623540  2.597723e-01
  12.655884  2.379965e-01
  12.688228  1.989665e-01
  12.720572  1.380686e-01
  12.752916  1.453592e-01
  12.785260  3.688117e-01
  12.817604  3.527918e-01
  12.849948  5.129967e-02
  12.882292  1.468680e-01
  12.914636  2.440000e-01
  12.946980  3.736448e-01
  12.979324  3.135679e-03
  13.011668  1.799309e-01
  13.044012  9.769446e-02
  13.076356  2.356092e-01
  13.108700  1.129151e-01
  13.141044  1.833084e-01
  13.173388  2.895335e-02
  13.205732  3.381060e-01
  13.238076  2.107927e-02
  13.270420  1.997833e-02
  13.302764  1.034638e-01
  13.335108  2.691363e-01
  13.367452  1.495957e-01
  13.399796  1.101701e-01
  13.432140  7.169505e-02
  13.464484  3.475201e-01
  13.496828 -2.495697e-02
  13.529172  2.043927e-01
  13.561516  3.113651e-02
  13.593860  1.721472e-01
  13.626204  1.355522e-01
  13.658548  1.802261e-01
  13.690892  2.396623e-02
  13.723236  2.324774e-01
  13.755580  6.310713e-02
  13.787924  2.601122e-01
  13.820268  1.717254e-01
  13.852612  3.254304e-01
  13.884956  5.663557e-02
  13.917300  3.355875e-01
  13.949644  1.722916e-01
  13.981988  7.790429e-02
  14.014332  2.199263e-02
  14.046676  4.331560e-02
  14.079020  2.282589e-01
  14.111364  1.242601e-01
  14.143708  6.352542e-02
  14.176052  1.014443e-01
  14.208396  8.582482e-02
  14.240740  1.778140e-01
  14.273084  1.027456e-03
  14.305428 -2.267696e-03
  14.337772  2.301047e-01
  14.370116  3.099223e-01
  14.402460  1.396897e-01
  14.434804  1.790878e-01
  14.467148  4.533654e-02
  14.499492  2.196231e-01
  14.531836  5.063778e-02
  14.564180  1.064197e-01
  14.596524  1.123905e-01
  14.628868  2.349286e-01
  14.661212 -1.981577e-03
  14.693556  1.915481e-01
  14.725900  9.488664e-02
  14.758244  3.031966e-01
  14.790588 -1.431000e-02
  14.822932  1.523672e-01
  14.855276  1.244008e-01
  14.887620  3.953958e-01
  14.919964  1.197556e-01
  14.952308  1.668041e-01
  14.984652  1.549631e-01
  15.016996  1.605365e-01
  15.049340  1.327382e-01
  15.081684  2.651850e-01
  15.114028  1.663107e-01
  15.146372  3.404133e-01
  15.178716  1.491750e-01
  15.211060  2.290427e-01
  15.243404  3.897830e-02
  15.275748  2.469115e-01
  15.308092  3.422747e-03
  15.340436  2.617584e-02
  15.372780 -1.066304e-01
  15.405124  2.503808e-01
  15.437468 -2.430688e-02
  15.469812  2.712076e-01
  15.502156  1.944796e-01
  15.534500  4.183241e-01
  15.566844  6.813046e-02
  15.599188  1.041527e-01
  15.631532  2.129859e-02
  15.663876  1.294159e-01
  15.696220  2.391130e-02
  15.728564 -3.995290e-02
  15.760908  1.054331e-02
  15.793252  1.603184e-01
  15.825596  1.325429e-02
  15.857940  9.528880e-02
  15.890284  8.036319e-02
  15.922628  1.773967e-01
  15.954972  7.959822e-02
  15.987316  2.048641e-01
  16.019660  1.522122e-01
  16.052004  1.833298e-01
  16.084348  1.704480e-01
  16.116692  2.155050e-01
  16.149036  1.678477e-01
  16.181380  3.582076e-01
  16.213724 -5.889218e-02
  16.246068  1.297031e-01
  16.278412  1.809614e-02
  16.310756  2.398106e-01
  16.343100 -3.321652e-02
  16.375444  3.257030e-01
  16.407788  1.759794e-01
  16.440132  2.991500e-01
  16.472476  7.941762e-02
  16.504820  1.422049e-01
  16.537164  2.143980e-01
  16.569508  2.082855e-01
  16.601852  1.303124e-01
  16.634196  8.652991e-02
  16.666540  2.317653e-01
  16.698884  3.960951e-01
  16.731228  1.017070e-01
  16.763572  2.327758e-01
  16.795916  2.273963e-02
  16.828260  3.328241e-01
  16.860604  1.543691e-02
  16.892948  3.665940e-01
  16.925292  1.261229e-01
  16.957636  3.142639e-01
  16.989980  6.941375e-02
  17.022324  1.735605e-01
  17.054668  8.224436e-02
  17.087012  3.338276e-01
  17.119356 -3.750309e-02
  17.151700  1.973427e-01
  17.184044  2.386650e-01
  17.216388  3.005294e-01
  17.248732 -1.969696e-02
  17.281076  6.062300e-02
  17.313420  1.551039e-01
  17.345764  3.155766e-01
  17.378108 -7.160492e-02
  17.410452  1.705791e-01
  17.442796 -3.636892e-02
  17.475140  3.420141e-01
  17.507484  1.381961e-02
  17.539828  2.220100e-01
  17.572172  1.831909e-01
  17.604516  2.485348e-01
  17.636860 -6.187415e-02
  17.669204  4.563975e-02
  17.701548  1.438161e-01
  17.733892  2.440000e-01
  17.766236  6.259091e-02
  17.798580  2.135112e-01
  17.830924  1.144785e-01
  17.863268  2.970607e-01
  17.895612  6.469215e-03
  17.927956  1.870177e-01
  17.960300  1.361297e-01
  17.992644  2.309803e-01
  18.024988  8.055192e-02
  18.057332  4.367367e-02
  18.089676 -5.903466e-02
  18.122020  2.956851e-01
  18.154364 -1.782806e-03
  18.186708  2.148173e-01
  18.219052  9.640303e-02
  18.251396  3.877047e-01
  18.283740  3.241845e-02
  18.316084  2.332361e-01
  18.348428  6.997962e-02
  18.380772  2.708240e-01
  18.413116 -6.248017e-02
  18.445460  1.028430e-01
  18.477804  1.311148e-01
  18.510148  2.656673e-01
  18.542492  1.711504e-02
  18.574836  2.559019e-01
  18.607180  1.230807e-01
  18.639524  3.069787e-01
  18.671868  1.196225e-01
  18.704212  1.854767e-02
  18.736556  8.732194e-02
  18.768900  2.976171e-01
  18.801244  8.277077e-03
  18.833588  2.421714e-01
  18.865932  1.154374e-01
  18.898276  1.765439e-01
  18.930620  6.747277e-02
  18.962964  2.894381e-01
  18.995308  2.018240e-01
  19.027652  3.679551e-01
  19.059996  3.842519e-02
  19.092340  1.708694e-01
  19.124684  1.397742e-01
  19.157028  1.640934e-01
  19.189372  1.020088e-01
  19.221716  2.767635e-01
  19.254060  8.545454e-02
  19.286404  2.072300e-01
  19.318748  1.715366e-01
  19.351092  2.243958e-01
  19.383436  6.621450e-02
  19.415780  2.910833e-01
  19.448124  1.264188e-01
  19.480468  3.827036e-02
  19.512812  8.828793e-02
  19.545156  3.756881e-01
  19.577500 -1.158024e-02
  19.609844  1.762572e-01
  19.642188  1.579817e-01
  19.674532  2.709605e-01
  19.706876 -6.571556e-03
  19.739220  1.917617e-01
  19.771564  5.748810e-02
  19.803908  1.624267e-01
  19.836252  2.900787e-02
  19.868596  1.064915e-01
  19.900940  2.264675e-01
  19.933284  4.333750e-01
  19.965628  1.376623e-01
  19.997972  2.374847e-01
  20.030316  1.032835e-01
  20.062660  3.675371e-01
  20.095004 -6.516951e-02
  20.127348  1.343376e-01
  20.159692  7.638797e-02
  20.192036  2.536946e-01
  20.224380  1.253902e-01
  20.256724  1.246639e-01
  20.289068  2.701879e-01
  20.321412  1.849037e-01
  20.353756 -4.417276e-04
  20.386100  4.599850e-02
  20.418444  8.073489e-02
  20.450788  1.031684e-01
  20.483132  1.378719e-02
  20.515476  8.018972e-02
  20.547820  2.507882e-01
  20.580164  3.496692e-01
  20.612508  7.771393e-02
  20.644852  1.379856e-01
  20.677196  8.507639e-02
  20.709540  2.861338e-01
  20.741884 -9.120962e-02
  20.774228  1.541799e-01
  20.806572  2.060323e-01
  20.838916  2.521897e-01
  20.871260  1.023317e-01
  20.903604  1.117821e-01
  20.935948  1.156911e-02
  20.968292  3.526268e-01
  21.000636  1.465550e-01
  21.032980  9.168772e-02
  21.065324  8.808624e-02
  21.097668  2.820444e-01
  21.130012 -4.580916e-02
  21.162356  1.807817e-01
  21.194700  1.648333e-01
  21.227044  1.986478e-01
  21.259388  1.911430e-01
  21.291732  1.890554e-01
  21.324076  8.262169e-02
  21.356420  2.586794e-01
  21.388764  1.025744e-01
  21.421108  2.493149e-01
  21.453452  4.435672e-02
  21.485796  3.304076e-01
  21.518140  7.638797e-02
  21.550484  1.309278e-01
  21.582828  1.768117e-02
  21.615172  1.747066e-01
  21.647516 -2.294553e-02
  21.679860  1.638254e-01
  21.712204  8.943010e-02
  21.744548  2.189349e-01
  21.776892  3.347273e-02
  21.809236 -5.639549e-03
  21.841580  1.652504e-01
  21.873924  3.412065e-01
  21.906268  1.670046e-01
  21.938612  1.248061e-01
  21.970956  1.107360e-01
  22.003300  3.105541e-01
  22.035644 -9.786977e-02
  22.067988  3.080313e-01
  22.100332  1.061343e-01
  22.132676  3.693326e-01
  22.165020  1.238627e-01
  22.197364  2.309610e-01
  22.229708  8.816424e-03
  22.262052  2.096662e-01
  22.294396 -2.785289e-02
  22.326740  1.180422e-01
  22.359084  2.385345e-01
  22.391428  1.561726e-01
  22.423772 -5.347436e-02
  22.456116 -4.518226e-02
  22.488460  1.831909e-01
  22.520804  2.990732e-01
  22.553148  7.999183e-02
  22.585492  2.332326e-01
  22.617836  1.247066e-01
  22.650180  2.114099e-01
  22.682524 -6.701900e-03
  22.714868  1.623665e-01
  22.747212  2.478166e-02
  22.779556  2.810291e-01
  22.811900  2.213714e-02
  22.844244  2.251038e-01
  22.876588  4.313771e-02
  22.908932  3.046596e-01
  22.941276  4.635759e-02
  22.973620  1.619801e-01
  23.005964  5.259145e-02
  23.038308  3.085047e-01
  23.070652 -9.358490e-02
  23.102996  2.757375e-01
  23.135340  1.274846e-01
  23.167684  4.006189e-01
  23.200028  9.205603e-02
  23.232372  8.016903e-02
  23.264716  1.314637e-01
  23.297060  1.910071e-02
  23.329404 -5.772131e-03
  23.361748 -4.121803e-02
  23.394092  1.217597e-01
  23.426436  2.253604e-01
  23.458780 -2.475419e-03
  23.491124 -1.913083e-02
  23.523468  9.225413e-02
  23.555812  1.969477e-01
  23.588156  1.205853e-01
  23.620500  2.184898e-01
  23.652844  7.054548e-02
  23.685188  2.833837e-01
  23.717532  9.146528e-02
  23.749876  1.513896e-01
  23.782220  2.101054e-01
  23.814564  2.617421e-01
  23.846908  2.478098e-02
  23.879252  1.847788e-01
  23.911596  1.089991e-01
  23.943940  3.134588e-01
  23.976284  7.465776e-02
  24.008628  2.407147e-01
  24.040972  3.170210e-02
  24.073316  2.114364e-01
  24.105660 -7.740543e-02
  24.138004  1.722916e-01
  24.170348  8.167620e-03
  24.202692  1.244275e-01
  24.235036 -1.602877e-04
  24.267380  1.313710e-01
  24.299724  1.236951e-01
  24.332068  2.371547e-01
  24.364412  1.805762e-02
  24.396756  4.034169e-02
  24.429100  4.578053e-01
  24.461444  3.509539e-01
  24.493788  2.948747e-02
  24.526132  9.598026e-02
  24.558476  1.474694e-01
  24.590820  2.144487e-01
  24.623164  8.485999e-02
  24.655508  1.206418e-01
  24.687852  2.767113e-02
  24.720196  2.456452e-01
  24.752540  5.567020e-02
  24.784884  2.645056e-01
  24.817228  1.137652e-01
  24.849572  1.295549e-01
  24.881916  5.026520e-02
  24.914260  1.057098e-01
  24.946604 -5.290782e-02
  24.978948  2.465608e-01
  25.011292  1.168613e-01
  25.043636  1.108693e-01
  25.075980  1.375843e-01
  25.108324  2.812100e-01
  25.140668 -8.627276e-02
  25.173012  9.410458e-02
  25.205356 -2.560395e-02
  25.237700  3.251155e-01
  25.270044  4.766199e-03
  25.302388  1.130843e-01
  25.334732  1.269849e-01
  25.367076  3.608324e-01
  25.399420  1.546285e-01
  25.431764  1.807759e-01
  25.464108  5.288428e-02
  25.496452  1.667974e-01
  25.528796  2.836036e-02
  25.561140  1.559338e-01
  25.593484  9.914763e-08
  25.625828  1.424327e-01
  25.658172  1.118060e-03
  25.690516  9.589345e-02
  25.722860  7.696455e-02
  25.755204  2.157491e-01
  25.787548  3.926761e-02
  25.819892  5.659569e-02
  25.852236  4.563975e-02
  25.884580  2.264675e-01
  25.916924  4.039825e-02
  25.949268 -1.072480e-02
  25.981612  1.281172e-01
  26.013956  2.771578e-01
  26.046300  9.145185e-02
  26.078644 -2.544186e-02
  26.110988  6.692400e-02
  26.143332  2.730012e-01
  26.175676  1.628123e-02
  26.208020  7.585425e-02
  26.240364 -1.037970e-01
  26.272708  2.490665e-01
  26.305052 -4.398753e-02
  26.337396  1.000849e-01
  26.369740  3.672027e-02
  26.402084  1.762840e-01
  26.434428  1.760041e-01
  26.466772  1.034948e-01
  26.499116  1.699950e-01
  26.531460  2.231111e-01
  26.563804  1.026961e-01
  26.596148  9.929163e-03
  26.628492  1.837454e-01
  26.660836  1.437709e-01
  26.693180  3.028310e-02
  26.725524  1.385367e-01
  26.757868 -2.114092e-02
  26.790212  1.951771e-01
  26.822556  1.929751e-01
  26.854900  1.505385e-01
  26.887244  1.306617e-01
  26.919588  1.529164e-01
  26.951932 -2.933272e-02
  26.984276  1.098588e-01
  27.016620  3.029581e-01
  27.048964  1.776715e-01
  27.081308  5.449317e-02
  27.113652  9.463389e-02
  27.145996  1.695591e-01
  27.178340  2.837835e-01
  27.210684  5.288428e-02
  27.243028  7.980309e-02
  27.275372  3.121665e-01
  27.307716  5.259691e-01
  27.340060  3.189863e-02
  27.372404  1.452002e-01