 Eloss (eV)  Counts/s
 -38.845144 -0.118316
 -38.812800 -0.088393
 -38.780456  0.018430
 -38.748112 -0.197854
 -38.715768 -0.098543
 -38.683424  0.055279
 -38.651080  0.157676
 -38.618736 -0.159195
 -38.586392  0.009143
 -38.554048 -0.116378
 -38.521704  0.032021
 -38.489360 -0.231105
 -38.457016 -0.086407
 -38.424672 -0.143738
 -38.392328 -0.001393
 -38.359984 -0.233151
 -38.327640 -0.282123
 -38.295296 -0.094788
 -38.262952  0.081482
 -38.230608 -0.331467
 -38.198264 -0.147364
 -38.165920 -0.128486
 -38.133576 -0.060552
 -38.101232  0.027544
 -38.068888  0.010276
 -38.036544 -0.173511
 -38.004200 -0.026554
 -37.971856 -0.252559
 -37.939512 -0.153860
 -37.907168 -0.246981
 -37.874824 -0.102791
 -37.842480 -0.174577
 -37.810136 -0.107864
 -37.777792 -0.139814
 -37.745448 -0.017278
 -37.713104 -0.186672
 -37.680760 -0.053239
 -37.648416 -0.172808
 -37.616072  0.067897
 -37.583728 -0.164244
 -37.551384  0.011634
 -37.519040 -0.003531
 -37.486696  0.039740
 -37.454352 -0.163747
 -37.422008 -0.011733
 -37.389664 -0.179996
 -37.357320 -0.049082
 -37.324976 -0.251496
 -37.292632 -0.062261
 -37.260288 -0.145470
 -37.227944  0.179696
 -37.195600 -0.306124
 -37.163256 -0.122412
 -37.130912 -0.124956
 -37.098568  0.106880
 -37.066224 -0.266281
 -37.033880 -0.116954
 -37.001536 -0.192165
 -36.969192  0.121444
 -36.936848 -0.175395
 -36.904504 -0.043549
 -36.872160 -0.322783
 -36.839816 -0.016446
 -36.807472 -0.226217
 -36.775128 -0.103611
 -36.742784 -0.120337
 -36.710440  0.096809
 -36.678096 -0.133863
 -36.645752 -0.110699
 -36.613408 -0.072451
 -36.581064  0.042483
 -36.548720 -0.224855
 -36.516376 -0.056945
 -36.484032 -0.152991
 -36.451688 -0.050976
 -36.419344 -0.270523
 -36.387000  0.017049
 -36.354656 -0.064475
 -36.322312 -0.108997
 -36.289968 -0.286488
 -36.257624 -0.011727
 -36.225280 -0.271902
 -36.192936  0.145604
 -36.160592 -0.286278
 -36.128248  0.037541
 -36.095904 -0.119986
 -36.063560  0.001114
 -36.031216 -0.119021
 -35.998872 -0.084465
 -35.966528 -0.112404
 -35.934184  0.051062
 -35.901840 -0.238994
 -35.869496  0.016066
 -35.837152 -0.143594
 -35.804808  0.044840
 -35.772464 -0.263764
 -35.740120 -0.060198
 -35.707776 -0.085211
 -35.675432 -0.000808
 -35.643088 -0.204473
 -35.610744 -0.096570
 -35.578400 -0.126582
 -35.546056  0.065681
 -35.513712 -0.084064
 -35.481368  0.021345
 -35.449024 -0.154084
 -35.416680  0.078707
 -35.384336 -0.412303
 -35.351992 -0.101183
 -35.319648 -0.120422
 -35.287304 -0.071884
 -35.254960 -0.143173
 -35.222616 -0.067774
 -35.190272 -0.076892
 -35.157928  0.001007
 -35.125584 -0.125130
 -35.093240 -0.053239
 -35.060896 -0.163255
 -35.028552 -0.012578
 -34.996208 -0.113795
 -34.963864  0.027438
 -34.931520 -0.149084
 -34.899176 -0.055762
 -34.866832 -0.241354
 -34.834488 -0.103053
 -34.802144 -0.167644
 -34.769800  0.042275
 -34.737456 -0.226571
 -34.705112 -0.049997
 -34.672768 -0.130938
 -34.640424  0.050907
 -34.608080 -0.145918
 -34.575736 -0.196251
 -34.543392 -0.082944
 -34.511048  0.083932
 -34.478704 -0.334170
 -34.446360 -0.095417
 -34.414016 -0.323425
 -34.381672 -0.102852
 -34.349328 -0.325207
 -34.316984 -0.034910
 -34.284640 -0.245502
 -34.252296  0.109125
 -34.219952 -0.223028
 -34.187608 -0.039737
 -34.155264 -0.171533
 -34.122920 -0.034176
 -34.090576 -0.214549
 -34.058232 -0.103330
 -34.025888 -0.196062
 -33.993544 -0.030781
 -33.961200 -0.255851
 -33.928856 -0.139014
 -33.896512 -0.095417
 -33.864168 -0.026553
 -33.831824 -0.308733
 -33.799480 -0.147206
 -33.767136 -0.048010
 -33.734792 -0.048652
 -33.702448 -0.177276
 -33.670104 -0.031181
 -33.637760 -0.125094
 -33.605416 -0.078770
 -33.573072 -0.287022
 -33.540728 -0.031484
 -33.508384 -0.296075
 -33.476040  0.117934
 -33.443696 -0.238646
 -33.411352  0.002910
 -33.379008 -0.198306
 -33.346664  0.078098
 -33.314320 -0.267573
 -33.281976 -0.261804
 -33.249632 -0.287645
 -33.217288  0.043048
 -33.184944 -0.226887
 -33.152600 -0.105604
 -33.120256 -0.043617
 -33.087912  0.025169
 -33.055568 -0.133543
 -33.023224 -0.138180
 -32.990880 -0.167068
 -32.958536  0.074722
 -32.926192 -0.317470
 -32.893848 -0.126833
 -32.861504 -0.155621
 -32.829160  0.010394
 -32.796816 -0.207640
 -32.764472 -0.138027
 -32.732128 -0.220000
 -32.699784  0.004159
 -32.667440 -0.273932
 -32.635096 -0.065431
 -32.602752 -0.209632
 -32.570408  0.116493
 -32.538064 -0.190440
 -32.505720 -0.002525
 -32.473376 -0.139249
 -32.441032  0.095452
 -32.408688 -0.350659
 -32.376344 -0.101647
 -32.344000 -0.146903
 -32.311656  0.009701
 -32.279312 -0.102482
 -32.246968 -0.228477
 -32.214624  0.003138
 -32.182280  0.161683
 -32.149936 -0.358163
 -32.117592  0.012423
 -32.085248 -0.066645
 -32.052904 -0.001833
 -32.020560 -0.307599
 -31.988216 -0.018498
 -31.955872 -0.214106
 -31.923528 -0.010316
 -31.891184 -0.379980
 -31.858840 -0.126808
 -31.826496 -0.217905
 -31.794152 -0.104762
 -31.761808 -0.265574
 -31.729464 -0.116299
 -31.697120 -0.122325
 -31.664776  0.012873
 -31.632432 -0.174313
 -31.600088  0.010983
 -31.567744 -0.120851
 -31.535400  0.022047
 -31.503056 -0.394714
 -31.470712 -0.070407
 -31.438368 -0.198648
 -31.406024  0.029347
 -31.373680 -0.053293
 -31.341336 -0.097392
 -31.308992 -0.122575
 -31.276648 -0.121167
 -31.244304 -0.180995
 -31.211960 -0.140113
 -31.179616 -0.247453
 -31.147272 -0.130542
 -31.114928 -0.278333
 -31.082584 -0.137314
 -31.050240 -0.066744
 -31.017896 -0.019428
 -30.985552 -0.161464
 -30.953208 -0.079193
 -30.920864 -0.047833
 -30.888520 -0.151819
 -30.856176 -0.246970
 -30.823832  0.090501
 -30.791488 -0.177445
 -30.759144 -0.053550
 -30.726800 -0.152172
 -30.694456  0.023396
 -30.662112 -0.061608
 -30.629768  0.075822
 -30.597424 -0.153172
 -30.565080  0.004965
 -30.532736 -0.172743
 -30.500392  0.080177
 -30.468048 -0.285484
 -30.435704 -0.132291
 -30.403360 -0.227826
 -30.371016  0.053382
 -30.338672 -0.263764
 -30.306328 -0.127082
 -30.273984 -0.265511
 -30.241640 -0.003914
 -30.209296 -0.204862
 -30.176952  0.004164
 -30.144608 -0.167630
 -30.112264  0.064277
 -30.079920 -0.173124
 -30.047576 -0.036577
 -30.015232 -0.198389
 -29.982888 -0.164863
 -29.950544 -0.282732
 -29.918200 -0.064737
 -29.885856 -0.007055
 -29.853512  0.055444
 -29.821168 -0.338426
 -29.788824 -0.171797
 -29.756480 -0.082430
 -29.724136  0.033222
 -29.691792 -0.280771
 -29.659448  0.012200
 -29.627104 -0.017460
 -29.594760  0.137766
 -29.562416 -0.147088
 -29.530072  0.023700
 -29.497728 -0.145206
 -29.465384  0.006536
 -29.433040 -0.300242
 -29.400696 -0.041854
 -29.368352 -0.171543
 -29.336008 -0.006591
 -29.303664 -0.318334
 -29.271320 -0.088703
 -29.238976 -0.098596
 -29.206632 -0.003537
 -29.174288 -0.235948
 -29.141944 -0.184900
 -29.109600 -0.190792
 -29.077256  0.066591
 -29.044912 -0.148862
 -29.012568  0.015598
 -28.980224 -0.045505
 -28.947880  0.147924
 -28.915536 -0.098227
 -28.883192 -0.059466
 -28.850848 -0.135021
 -28.818504 -0.100762
 -28.786160 -0.221812
 -28.753816 -0.032050
 -28.721472 -0.021659
 -28.689128  0.031789
 -28.656784 -0.248412
 -28.624440 -0.020017
 -28.592096 -0.001593
 -28.559752  0.059968
 -28.527408 -0.132122
 -28.495064 -0.063521
 -28.462720 -0.136364
 -28.430376 -0.061594
 -28.398032 -0.275868
 -28.365688 -0.106465
 -28.333344 -0.213559
 -28.301000 -0.107016
 -28.268656 -0.145319
 -28.236312 -0.049335
 -28.203968 -0.166647
 -28.171624  0.018964
 -28.139280 -0.114919
 -28.106936 -0.114940
 -28.074592 -0.069013
 -28.042248  0.067918
 -28.009904 -0.281361
 -27.977560 -0.018710
 -27.945216 -0.153616
 -27.912872  0.074881
 -27.880528 -0.178976
 -27.848184 -0.109281
 -27.815840 -0.292478
 -27.783496 -0.037460
 -27.751152 -0.221693
 -27.718808  0.060689
 -27.686464 -0.141798
 -27.654120  0.148277
 -27.621776 -0.179471
 -27.589432 -0.134186
 -27.557088 -0.066217
 -27.524744  0.113401
 -27.492400 -0.162141
 -27.460056 -0.060505
 -27.427712 -0.108712
 -27.395368  0.063511
 -27.363024 -0.271374
 -27.330680 -0.112343
 -27.298336 -0.196752
 -27.265992 -0.018710
 -27.233648 -0.297212
 -27.201304 -0.089395
 -27.168960 -0.077878
 -27.136616  0.132703
 -27.104272 -0.175441
 -27.071928 -0.051907
 -27.039584 -0.057302
 -27.007240  0.024356
 -26.974896 -0.181394
 -26.942552 -0.120537
 -26.910208 -0.083511
 -26.877864  0.185756
 -26.845520 -0.175644
 -26.813176  0.092268
 -26.780832 -0.017876
 -26.748488  0.263699
 -26.716144 -0.104787
 -26.683800  0.013676
 -26.651456 -0.146834
 -26.619112  0.134282
 -26.586768 -0.076149
 -26.554424  0.067527
 -26.522080  0.052410
 -26.489736  0.187996
 -26.457392 -0.154129
 -26.425048 -0.032119
 -26.392704  0.031041
 -26.360360  0.133877
 -26.328016 -0.132896
 -26.295672 -0.040372
 -26.263328 -0.047265
 -26.230984 -0.022758
 -26.198640 -0.192428
 -26.166296  0.048480
 -26.133952 -0.149124
 -26.101608  0.064079
 -26.069264 -0.184305
 -26.036920  0.006537
 -26.004576 -0.124305
 -25.972232 -0.003403
 -25.939888 -0.068654
 -25.907544  0.024093
 -25.875200 -0.106165
 -25.842856 -0.013660
 -25.810512 -0.167330
 -25.778168 -0.106730
 -25.745824 -0.019062
 -25.713480  0.030706
 -25.681136 -0.171230
 -25.648792 -0.045982
 -25.616448 -0.030449
 -25.584104  0.078098
 -25.551760 -0.140146
 -25.519416 -0.012578
 -25.487072  0.034428
 -25.454728  0.198001
 -25.422384 -0.174443
 -25.390040  0.048446
 -25.357696 -0.059890
 -25.325352  0.021917
 -25.293008 -0.327823
 -25.260664 -0.055967
 -25.228320 -0.185453
 -25.195976  0.125172
 -25.163632 -0.200599
 -25.131288 -0.045629
 -25.098944 -0.235948
 -25.066600  0.077145
 -25.034256 -0.256577
 -25.001912 -0.026956
 -24.969568 -0.044938
 -24.937224  0.011634
 -24.904880  0.024784
 -24.872536  0.066316
 -24.840192 -0.096837
 -24.807848  0.057470
 -24.775504 -0.006856
 -24.743160 -0.055403
 -24.710816 -0.078205
 -24.678472  0.069595
 -24.646128 -0.144220
 -24.613784 -0.013095
 -24.581440 -0.094272
 -24.549096  0.130513
 -24.516752 -0.156793
 -24.484408 -0.021214
 -24.452064 -0.079520
 -24.419720  0.137683
 -24.387376 -0.276833
 -24.355032 -0.027688
 -24.322688 -0.048439
 -24.290344 -0.013097
 -24.258000 -0.185941
 -24.225656  0.017541
 -24.193312 -0.214248
 -24.160968  0.071788
 -24.128624 -0.141940
 -24.096280 -0.031673
 -24.063936 -0.040955
 -24.031592  0.120709
 -23.999248 -0.066906
 -23.966904 -0.007523
 -23.934560  0.090552
 -23.902216  0.093761
 -23.869872 -0.223028
 -23.837528  0.000321
 -23.805184 -0.047579
 -23.772840  0.032383
 -23.740496 -0.220114
 -23.708152 -0.044686
 -23.675808 -0.117434
 -23.643464  0.155711
 -23.611120 -0.159502
 -23.578776 -0.014065
 -23.546432 -0.070825
 -23.514088  0.079613
 -23.481744 -0.102296
 -23.449400  0.019398
 -23.417056  0.007783
 -23.384712  0.143682
 -23.352368 -0.222036
 -23.320024 -0.028016
 -23.287680 -0.053644
 -23.255336 -0.077402
 -23.222992 -0.091166
 -23.190648  0.002463
 -23.158304 -0.088120
 -23.125960  0.115840
 -23.093616  0.000751
 -23.061272 -0.094233
 -23.028928 -0.191442
 -22.996584  0.025813
 -22.964240 -0.098525
 -22.931896  0.058439
 -22.899552 -0.004892
 -22.867208  0.137102
 -22.834864 -0.088043
 -22.802520 -0.133620
 -22.770176 -0.048789
 -22.737832  0.031594
 -22.705488 -0.168534
 -22.673144 -0.027762
 -22.640800  0.010842
 -22.608456 -0.048026
 -22.576112 -0.259795
 -22.543768  0.098879
 -22.511424 -0.155342
 -22.479080  0.111702
 -22.446736 -0.292690
 -22.414392  0.087150
 -22.382048  0.158124
 -22.349704  0.135744
 -22.317360 -0.175962
 -22.285016 -0.001056
 -22.252672 -0.053496
 -22.220328  0.105788
 -22.187984 -0.120549
 -22.155640 -0.055504
 -22.123296 -0.183824
 -22.090952  0.100779
 -22.058608 -0.042299
 -22.026264  0.201845
 -21.993920  0.008769
 -21.961576  0.293317
 -21.929232  0.049159
 -21.896888  0.004952
 -21.864544 -0.191799
 -21.832200  0.155860
 -21.799856 -0.244282
 -21.767512 -0.055004
 -21.735168 -0.077105
 -21.702824  0.214779
 -21.670480 -0.147973
 -21.638136  0.076102
 -21.605792  0.162244
 -21.573448  0.104834
 -21.541104 -0.057152
 -21.508760 -0.019732
 -21.476416  0.099544
 -21.444072  0.098719
 -21.411728 -0.148682
 -21.379384  0.106176
 -21.347040  0.070954
 -21.314696  0.149874
 -21.282352 -0.031316
 -21.250008 -0.015825
 -21.217664 -0.079927
 -21.185320  0.032300
 -21.152976 -0.247184
 -21.120632 -0.039451
 -21.088288 -0.034734
 -21.055944  0.065874
 -21.023600 -0.074610
 -20.991256  0.091140
 -20.958912  0.018220
 -20.926568  0.184048
 -20.894224 -0.041249
 -20.861880 -0.031654
 -20.829536  0.003067
 -20.797192  0.181813
 -20.764848 -0.135670
 -20.732504 -0.090617
 -20.700160  0.034570
 -20.667816  0.169055
 -20.635472 -0.074417
 -20.603128  0.053020
 -20.570784 -0.052114
 -20.538440  0.132590
 -20.506096 -0.131179
 -20.473752 -0.038884
 -20.441408 -0.117205
 -20.409064  0.179556
 -20.376720 -0.065872
 -20.344376  0.059440
 -20.312032  0.090208
 -20.279688  0.326289
 -20.247344 -0.089724
 -20.215000 -0.008816
 -20.182656 -0.048789
 -20.150312  0.071712
 -20.117968 -0.135885
 -20.085624  0.072646
 -20.053280 -0.001355
 -20.020936 -0.027682
 -19.988592 -0.182375
 -19.956248  0.091544
 -19.923904  0.084645
 -19.891560  0.108089
 -19.859216 -0.077700
 -19.826872  0.114313
 -19.794528  0.104281
 -19.762184  0.302691
 -19.729840 -0.087324
 -19.697496 -0.008287
 -19.665152 -0.015182
 -19.632808  0.161297
 -19.600464 -0.081788
 -19.568120  0.046557
 -19.535776  0.089492
 -19.503432  0.195165
 -19.471088 -0.189741
 -19.438744  0.156376
 -19.406400 -0.030284
 -19.374056  0.080347
 -19.341712 -0.106728
 -19.309368  0.015843
 -19.277024 -0.009555
 -19.244680  0.183133
 -19.212336 -0.114661
 -19.179992  0.050961
 -19.147648 -0.039896
 -19.115304  0.258395
 -19.082960 -0.100019
 -19.050616  0.036111
 -19.018272 -0.123510
 -18.985928  0.172777
 -18.953584 -0.123431
 -18.921240  0.016437
 -18.888896 -0.205097
 -18.856552  0.095976
 -18.824208 -0.039293
 -18.791864  0.038993
 -18.759520 -0.003347
 -18.727176  0.153372
 -18.694832 -0.123078
 -18.662488 -0.022601
 -18.630144  0.033862
 -18.597800  0.172196
 -18.565456 -0.007419
 -18.533112  0.018437
 -18.500768 -0.038839
 -18.468424  0.178845
 -18.436080 -0.122037
 -18.403736 -0.071281
 -18.371392  0.002517
 -18.339048  0.085262
 -18.306704 -0.045314
 -18.274360  0.124147
 -18.242016  0.081863
 -18.209672  0.188152
 -18.177328 -0.169404
 -18.144984  0.059304
 -18.112640 -0.014316
 -18.080296  0.067353
 -18.047952  0.033934
 -18.015608  0.144278
 -17.983264 -0.032254
 -17.950920  0.248253
 -17.918576 -0.132463
 -17.886232 -0.111829
 -17.853888 -0.062207
 -17.821544  0.175448
 -17.789200  0.027414
 -17.756856  0.106900
 -17.724512 -0.181373
 -17.692168  0.085258
 -17.659824 -0.130291
 -17.627480  0.129267
 -17.595136 -0.116369
 -17.562792  0.163656
 -17.530448  0.014880
 -17.498104  0.111482
 -17.465760 -0.030444
 -17.433416  0.200920
 -17.401072 -0.014316
 -17.368728 -0.120904
 -17.336384 -0.139783
 -17.304040  0.118330
 -17.271696 -0.165943
 -17.239352  0.079983
 -17.207008 -0.059160
 -17.174664  0.128438
 -17.142320 -0.053415
 -17.109976  0.138613
 -17.077632  0.078156
 -17.045288  0.095254
 -17.012944 -0.106746
 -16.980600  0.003965
 -16.948256  0.018932
 -16.915912  0.079447
 -16.883568 -0.210305
 -16.851224 -0.027586
 -16.818880  0.109509
 -16.786536  0.223737
 -16.754192 -0.073365
 -16.721848 -0.094507
 -16.689504 -0.025340
 -16.657160  0.159483
 -16.624816 -0.009938
 -16.592472  0.017229
 -16.560128 -0.101342
 -16.527784  0.138899
 -16.495440 -0.007820
 -16.463096  0.038882
 -16.430752  0.002353
 -16.398408  0.092851
 -16.366064 -0.123722
 -16.333720  0.005061
 -16.301376 -0.019125
 -16.269032  0.101594
 -16.236688 -0.253739
 -16.204344 -0.086679
 -16.172000  0.103305
 -16.139656  0.181100
 -16.107312 -0.087183
 -16.074968  0.031304
 -16.042624  0.004164
 -16.010280  0.006754
 -15.977936 -0.136719
 -15.945592 -0.069470
 -15.913248  0.003256
 -15.880904  0.072022
 -15.848560 -0.119111
 -15.816216  0.074667
 -15.783872 -0.103058
 -15.751528  0.047261
 -15.719184 -0.083167
 -15.686840 -0.006690
 -15.654496  0.024962
 -15.622152  0.246236
 -15.589808 -0.101659
 -15.557464 -0.040653
 -15.525120  0.134288
 -15.492776  0.254591
 -15.460432 -0.050834
 -15.428088 -0.094801
 -15.395744  0.121901
 -15.363400  0.166287
 -15.331056 -0.048750
 -15.298712  0.011489
 -15.266368 -0.059795
 -15.234024  0.070516
 -15.201680 -0.167837
 -15.169336  0.068309
 -15.136992 -0.065693
 -15.104648  0.155070
 -15.072304 -0.158889
 -15.039960 -0.010592
 -15.007616 -0.107581
 -14.975272  0.011767
 -14.942928 -0.147021
 -14.910584  0.088636
 -14.878240 -0.096837
 -14.845896  0.135905
 -14.813552 -0.095718
 -14.781208  0.104868
 -14.748864  0.086210
 -14.716520  0.298528
 -14.684176  0.006878
 -14.651832  0.036128
 -14.619488 -0.083536
 -14.587144  0.164964
 -14.554800 -0.037039
 -14.522456  0.050915
 -14.490112 -0.030199
 -14.457768  0.210793
 -14.425424 -0.112329
 -14.393080  0.045504
 -14.360736 -0.238776
 -14.328392  0.198309
 -14.296048 -0.126025
 -14.263704 -0.051485
 -14.231360  0.059206
 -14.199016  0.289279
 -14.166672 -0.125111
 -14.134328  0.066989
 -14.101984  0.005862
 -14.069640  0.265432
 -14.037296 -0.115212
 -14.004952  0.100163
 -13.972608 -0.055510
 -13.940264  0.206790
 -13.907920 -0.061072
 -13.875576  0.035486
 -13.843232 -0.006489
 -13.810888  0.106000
 -13.778544 -0.199228
 -13.746200  0.002699
 -13.713856 -0.078799
 -13.681512  0.213743
 -13.649168 -0.098543
 -13.616824  0.049892
 -13.584480  0.037883
 -13.552136  0.165428
 -13.519792 -0.073447
 -13.487448  0.126500
 -13.455104 -0.041854
 -13.422760  0.036049
 -13.390416 -0.079038
 -13.358072  0.084648
 -13.325728 -0.008269
 -13.293384  0.255107
 -13.261040 -0.125517
 -13.228696  0.073390
 -13.196352 -0.002525
 -13.164008  0.200532
 -13.131664 -0.186864
 -13.099320  0.075336
 -13.066976 -0.009380
 -13.034632  0.195115
 -13.002288 -0.032254
 -12.969944  0.106602
 -12.937600  0.074508
 -12.905256  0.073762
 -12.872912 -0.093679
 -12.840568  0.057836
 -12.808224 -0.009750
 -12.775880  0.168946
 -12.743536 -0.088023
 -12.711192  0.055523
 -12.678848  0.046593
 -12.646504  0.283476
 -12.614160  0.112094
 -12.581816  0.155804
 -12.549472 -0.015352
 -12.517128  0.216283
 -12.484784 -0.035634
 -12.452440 -0.074218
 -12.420096 -0.054009
 -12.387752  0.284433
 -12.355408 -0.147508
 -12.323064  0.154351
 -12.290720 -0.057510
 -12.258376  0.251300
 -12.226032 -0.002525
 -12.193688  0.072605
 -12.161344  0.044178
 -12.129000  0.201002
 -12.096656 -0.039540
 -12.064312  0.154961
 -12.031968  0.066569
 -11.999624  0.247125
 -11.967280 -0.189500
 -11.934936  0.089985
 -11.902592 -0.104771
 -11.870248  0.091685
 -11.837904 -0.123078
 -11.805560  0.056489
 -11.773216  0.027463
 -11.740872  0.092620
 -11.708528 -0.106728
 -11.676184  0.209286
 -11.643840  0.082804
 -11.611496  0.142347
 -11.579152 -0.002525
 -11.546808  0.187608
 -11.514464  0.129597
 -11.482120  0.251717
 -11.449776  0.001451
 -11.417432  0.054473
 -11.385088  0.108360
 -11.352744  0.186166
 -11.320400 -0.013616
 -11.288056 -0.015916
 -11.255712  0.079230
 -11.223368  0.167363
 -11.191024 -0.126061
 -11.158680  0.073943
 -11.126336 -0.113827
 -11.093992  0.185655
 -11.061648 -0.114361
 -11.029304  0.172676
 -10.996960 -0.056429
 -10.964616  0.080725
 -10.932272 -0.136451
 -10.899928  0.047981
 -10.867584 -0.074250
 -10.835240  0.147908
 -10.802896  0.114486
 -10.770552 -0.037778
 -10.738208 -0.161523
 -10.705864  0.080180
 -10.673520 -0.182983
 -10.641176 -0.029543
 -10.608832  0.091685
 -10.576488  0.126600
 -10.544144 -0.067272
 -10.511800  0.032309
 -10.479456  0.036408
 -10.447112  0.175043
 -10.414768  0.031023
 -10.382424  0.177559
 -10.350080  0.172508
 -10.317736  0.120031
 -10.285392 -0.093679
 -10.253048 -0.027285
 -10.220704 -0.035023
 -10.188360  0.200614
 -10.156016 -0.103334
 -10.123672  0.152394
 -10.091328  0.076387
 -10.058984  0.166224
 -10.026640 -0.033648
  -9.994296  0.145855
  -9.961952  0.066741
  -9.929608  0.232503
  -9.897264 -0.209733
  -9.864920 -0.017638
  -9.832576 -0.115227
  -9.800232  0.245884
  -9.767888 -0.059466
  -9.735544  0.000199
  -9.703200 -0.109001
  -9.670856  0.197655
  -9.638512 -0.066079
  -9.606168 -0.125678
  -9.573824  0.082049
  -9.541480  0.192327
  -9.509136  0.067287
  -9.476792  0.125068
  -9.444448 -0.004354
  -9.412104  0.079583
  -9.379760 -0.088238
  -9.347416 -0.040786
  -9.315072 -0.016718
  -9.282728  0.124670
  -9.250384 -0.181907
  -9.218040  0.060338
  -9.185696 -0.105310
  -9.153352  0.012543
  -9.121008 -0.079603
  -9.088664 -0.066357
  -9.056320 -0.021146
  -9.023976  0.104157
  -8.991632 -0.146073
  -8.959288  0.012080
  -8.926944 -0.031560
  -8.894600  0.032309
  -8.862256 -0.255135
  -8.829912  0.049460
  -8.797568  0.181265
  -8.765224  0.174605
  -8.732880 -0.062251
  -8.700536  0.163718
  -8.668192 -0.052779
  -8.635848  0.144287
  -8.603504 -0.096516
  -8.571160  0.028408
  -8.538816 -0.002630
  -8.506472  0.096788
  -8.474128 -0.093665
  -8.441784  0.041083
  -8.409440  0.027096
  -8.377096  0.150747
  -8.344752 -0.199136
  -8.312408 -0.019037
  -8.280064 -0.088901
  -8.247720  0.190597
  -8.215376  0.051867
  -8.183032  0.056010
  -8.150688 -0.009185
  -8.118344  0.211924
  -8.086000 -0.117224
  -8.053656  0.026606
  -8.021312 -0.080168
  -7.988968  0.157524
  -7.956624 -0.098515
  -7.924280  0.067090
  -7.891936 -0.027768
  -7.859592  0.170443
  -7.827248 -0.214982
  -7.794904  0.083369
  -7.762560 -0.022914
  -7.730216  0.179970
  -7.697872 -0.084939
  -7.665528  0.021956
  -7.633184 -0.146738
  -7.600840  0.282362
  -7.568496 -0.026232
  -7.536152  0.180814
  -7.503808  0.099956
  -7.471464  0.293169
  -7.439120 -0.160411
  -7.406776  0.130894
  -7.374432 -0.061286
  -7.342088  0.181834
  -7.309744 -0.159653
  -7.277400 -0.015502
  -7.245056 -0.019188
  -7.212712  0.155375
  -7.180368 -0.092190
  -7.148024 -0.073850
  -7.115680 -0.147206
  -7.083336  0.212118
  -7.050992 -0.241655
  -7.018648  0.142140
  -6.986304 -0.132759
  -6.953960  0.216691
  -6.921616 -0.011368
  -6.889272  0.045699
  -6.856928  0.005084
  -6.824584  0.189684
  -6.792240 -0.127393
  -6.759896 -0.016651
  -6.727552 -0.023766
  -6.695208  0.160016
  -6.662864 -0.023363
  -6.630520 -0.016671
  -6.598176  0.010820
  -6.565832  0.024221
  -6.533488 -0.123804
  -6.501144 -0.033794
  -6.468800 -0.001982
  -6.436456  0.175330
  -6.404112 -0.023209
  -6.371768 -0.028569
  -6.339424  0.049844
  -6.307080  0.224695
  -6.274736  0.015796
  -6.242392  0.195055
  -6.210048 -0.009843
  -6.177704  0.317067
  -6.145360 -0.049997
  -6.113016  0.199474
  -6.080672  0.005974
  -6.048328  0.142843
  -6.015984 -0.161613
  -5.983640  0.066198
  -5.951296 -0.147285
  -5.918952  0.158316
  -5.886608 -0.108696
  -5.854264  0.148474
  -5.821920  0.147924
  -5.789576  0.087097
  -5.757232 -0.110921
  -5.724888 -0.049441
  -5.692544 -0.003046
  -5.660200  0.105399
  -5.627856 -0.107298
  -5.595512 -0.178275
  -5.563168 -0.056070
  -5.530824 -0.087224
  -5.498480 -0.095368
  -5.466136  0.166790
  -5.433792 -0.098838
  -5.401448  0.106415
  -5.369104 -0.088833
  -5.336760  0.017767
  -5.304416 -0.224081
  -5.272072  0.161446
  -5.239728 -0.067684
  -5.207384 -0.150993
  -5.175040 -0.088864
  -5.142696  0.132653
  -5.110352 -0.209502
  -5.078008  0.120314
  -5.045664 -0.041087
  -5.013320  0.109084
  -4.980976 -0.271537
  -4.948632  0.098415
  -4.916288 -0.111559
  -4.883944 -0.012909
  -4.851600 -0.180356
  -4.819256 -0.009961
  -4.786912 -0.014389
  -4.754568  0.102068
  -4.722224 -0.117522
  -4.689880 -0.113236
  -4.657536 -0.138446
  -4.625192 -0.035796
  -4.592848  0.044123
  -4.560504  0.227743
  -4.528160 -0.014173
  -4.495816 -0.007356
  -4.463472 -0.189493
  -4.431128 -0.028743
  -4.398784 -0.009672
  -4.366440  0.247209
  -4.334096  0.038817
  -4.301752 -0.033601
  -4.269408  0.019562
  -4.237064  0.283231
  -4.204720 -0.119409
  -4.172376 -0.031391
  -4.140032 -0.133916
  -4.107688  0.233752
  -4.075344 -0.159349
  -4.043000  0.044799
  -4.010656 -0.094976
  -3.978312  0.275594
  -3.945968 -0.031562
  -3.913624  0.008643
  -3.881280 -0.009938
  -3.848936  0.167922
  -3.816592 -0.082871
  -3.784248 -0.005256
  -3.751904 -0.045696
  -3.719560  0.057965
  -3.687216 -0.001642
  -3.654872  0.210736
  -3.622528 -0.074417
  -3.590184  0.216160
  -3.557840 -0.167970
  -3.525496  0.000062
  -3.493152 -0.084465
  -3.460808  0.031704
  -3.428464  0.022353
  -3.396120  0.057507
  -3.363776 -0.027440
  -3.331432  0.209852
  -3.299088 -0.197168
  -3.266744 -0.027205
  -3.234400 -0.013621
  -3.202056  0.093186
  -3.169712 -0.178515
  -3.137368  0.012630
  -3.105024 -0.090667
  -3.072680  0.083558
  -3.040336 -0.112381
  -3.007992  0.156920
  -2.975648 -0.058235
  -2.943304  0.098926
  -2.910960 -0.192092
  -2.878616  0.115731
  -2.846272 -0.089432
  -2.813928  0.003241
  -2.781584 -0.064562
  -2.749240  0.081108
  -2.716896 -0.074549
  -2.684552  0.095086
  -2.652208 -0.211144
  -2.619864 -0.089724
  -2.587520  0.121199
  -2.555176  0.176580
  -2.522832 -0.277170
  -2.490488 -0.064993
  -2.458144 -0.136776
  -2.425800  0.134444
  -2.393456 -0.288501
  -2.361112 -0.042663
  -2.328768 -0.100782
  -2.296424  0.091671
  -2.264080 -0.238207
  -2.231736 -0.059631
  -2.199392 -0.130269
  -2.167048  0.119861
  -2.134704 -0.080627
  -2.102360  0.049747
  -2.070016 -0.147891
  -2.037672 -0.044623
  -2.005328 -0.187798
  -1.972984 -0.009088
  -1.940640 -0.063647
  -1.908296  0.166575
  -1.875952 -0.152471
  -1.843608  0.146101
  -1.811264 -0.030766
  -1.778920  0.106589
  -1.746576  0.007979
  -1.714232 -0.015551
  -1.681888  0.076438
  -1.649544  0.097647
  -1.617200 -0.132537
  -1.584856 -0.037569
  -1.552512 -0.043429
  -1.520168  0.247797
  -1.487824 -0.142481
  -1.455480 -0.036577
  -1.423136 -0.139343
  -1.390792  0.113480
  -1.358448 -0.118959
  -1.326104  0.048633
  -1.293760  0.052602
  -1.261416  0.110177
  -1.229072 -0.238907
  -1.196728  0.026408
  -1.164384 -0.126299
  -1.132040  0.184642
  -1.099696 -0.170981
  -1.067352  0.082049
  -1.035008 -0.149742
  -1.002664  0.120866
  -0.970320 -0.182942
  -0.937976 -0.099634
  -0.905632 -0.277369
  -0.873288  0.046287
  -0.840944 -0.271412
  -0.808600  0.000751
  -0.776256 -0.115212
  -0.743912  0.047776
  -0.711568 -0.121704
  -0.679224 -0.138180
  -0.646880 -0.169596
  -0.614536 -0.003243
  -0.582192 -0.045314
  -0.549848  0.007422
  -0.517504 -0.030858
  -0.485160  0.203486
  -0.452816 -0.138581
  -0.420472  0.044386
  -0.388128 -0.144616
  -0.355784  0.143682
  -0.323440 -0.083143
  -0.291096 -0.012013
  -0.258752 -0.057769
  -0.226408  0.181387
  -0.194064 -0.008558
  -0.161720  0.323343
  -0.129376  0.230692
  -0.097032  1.069371
  -0.064688  2.308643
  -0.032344  4.448888
   0.000000  5.096302
   0.032344  4.462483
   0.064688  2.698409
   0.097032  1.775745
   0.129376  0.713078
   0.161720  0.455624
   0.194064  0.067854
   0.226408  0.296091
   0.258752  0.407262
   0.291096  0.687750
   0.323440  0.272800
   0.355784  0.630262
   0.388128  0.552534
   0.420472  0.621669
   0.452816  0.437112
   0.485160  0.592372
   0.517504  0.460741
   0.549848  0.768047
   0.582192  0.546867
   0.614536  0.639458
   0.646880  0.568720
   0.679224  0.892936
   0.711568  0.922811
   0.743912  1.241020
   0.776256  1.212754
   0.808600  1.585654
   0.840944  1.466600
   0.873288  2.272001
   0.905632  2.677338
   0.937976  3.528851
   0.970320  4.625908
   1.002664  4.904516
   1.035008  5.380191
   1.067352  6.651067
   1.099696  7.546229
   1.132040  7.838349
   1.164384  7.812973
   1.196728  7.784173
   1.229072  6.706156
   1.261416  5.547180
   1.293760  4.838114
   1.326104  4.187148
   1.358448  3.094079
   1.390792  3.002345
   1.423136  3.170567
   1.455480  2.559173
   1.487824  1.908215
   1.520168  2.082725
   1.552512  2.145559
   1.584856  2.580630
   1.617200  2.472381
   1.649544  3.492175
   1.681888  3.247194
   1.714232  3.711456
   1.746576  3.703125
   1.778920  4.162432
   1.811264  3.866724
   1.843608  3.689893
   1.875952  3.450982
   1.908296  2.779820
   1.940640  2.427423
   1.972984  2.405626
   2.005328  1.776137
   2.037672  2.157735
   2.070016  1.694421
   2.102360  1.523993
   2.134704  1.601356
   2.167048  1.639276
   2.199392  1.563300
   2.231736  1.970039
   2.264080  1.781629
   2.296424  1.679465
   2.328768  1.646185
   2.361112  1.885090
   2.393456  1.667284
   2.425800  1.556546
   2.458144  1.397834
   2.490488  1.523347
   2.522832  1.331440
   2.555176  1.727213
   2.587520  1.503698
   2.619864  1.748404
   2.652208  1.557783
   2.684552  1.675923
   2.716896  1.223806
   2.749240  1.695748
   2.781584  1.445224
   2.813928  1.601924
   2.846272  1.647888
   2.878616  1.457718
   2.910960  1.483446
   2.943304  1.742290
   2.975648  1.420811
   3.007992  1.274249
   3.040336  1.020526
   3.072680  1.082171
   3.105024  1.104498
   3.137368  0.887265
   3.169712  0.571892
   3.202056  0.848527
   3.234400  1.106428
   3.266744  0.958092
   3.299088  0.837927
   3.331432  0.873595
   3.363776  0.782669
   3.396120  0.956809
   3.428464  0.607088
   3.460808  0.899134
   3.493152  0.731096
   3.525496  1.234191
   3.557840  0.600199
   3.590184  0.578615
   3.622528  0.693414
   3.654872  0.946169
   3.687216  0.664827
   3.719560  0.759256
   3.751904  0.764601
   3.784248  0.727948
   3.816592  0.470940
   3.848936  0.524327
   3.881280  0.659718
   3.913624  0.941715
   3.945968  0.750851
   3.978312  0.734850
   4.010656  0.675490
   4.043000  0.949006
   4.075344  0.533556
   4.107688  0.604591
   4.140032  0.634300
   4.172376  0.608808
   4.204720  0.706590
   4.237064  0.604027
   4.269408  0.435138
   4.301752  0.635654
   4.334096  0.286615
   4.366440  0.338105
   4.398784  0.119008
   4.431128  0.621566
   4.463472  0.205265
   4.495816  0.447092
   4.528160  0.335455
   4.560504  0.544642
   4.592848  0.410388
   4.625192  0.307187
   4.657536  0.189650
   4.689880  0.458462
   4.722224  0.259023
   4.754568  0.343038
   4.786912  0.320504
   4.819256  0.430846
   4.851600  0.778439
   4.883944  0.578145
   4.916288  0.187356
   4.948632  0.476576
   4.980976  0.294995
   5.013320  0.289792
   5.045664  0.174167
   5.078008  0.432933
   5.110352  0.058202
   5.142696  0.193595
   5.175040 -0.056018
   5.207384  0.340028
   5.239728  0.123494
   5.272072  0.111136
   5.304416  0.015819
   5.336760  0.290273
   5.369104  0.061947
   5.401448  0.161802
   5.433792  0.092804
   5.466136  0.336619
   5.498480  0.065510
   5.530824  0.092222
   5.563168  0.109178
   5.595512  0.262521
   5.627856  0.245017
   5.660200  0.481426
   5.692544 -0.012157
   5.724888  0.292455
   5.757232  0.022096
   5.789576  0.042156
   5.821920 -0.155437
   5.854264  0.069716
   5.886608  0.014931
   5.918952  0.016534
   5.951296  0.293954
   5.983640  0.313145
   6.015984 -0.096847
   6.048328  0.147242
   6.080672  0.132667
   6.113016  0.211483
   6.145360 -0.142180
   6.177704  0.119580
   6.210048 -0.124564
   6.242392  0.202361
   6.274736 -0.086827
   6.307080  0.262154
   6.339424  0.085262
   6.371768  0.183096
   6.404112  0.074147
   6.436456  0.069912
   6.468800  0.079784
   6.501144  0.122130
   6.533488 -0.074549
   6.565832  0.072633
   6.598176 -0.235327
   6.630520  0.308253
   6.662864 -0.095972
   6.695208  0.152547
   6.727552 -0.074017
   6.759896  0.078657
   6.792240  0.021479
   6.824584  0.072022
   6.856928  0.131296
   6.889272  0.279783
   6.921616 -0.068164
   6.953960  0.192144
   6.986304 -0.006600
   7.018648  0.065239
   7.050992 -0.034778
   7.083336  0.003711
   7.115680 -0.126386
   7.148024  0.087912
   7.180368 -0.046699
   7.212712  0.137361
   7.245056  0.015968
   7.277400  0.253273
   7.309744 -0.048789
   7.342088  0.188851
   7.374432  0.086584
   7.406776  0.312164
   7.439120  0.090552
   7.471464  0.128657
   7.503808 -0.101915
   7.536152  0.093570
   7.568496 -0.091006
   7.600840  0.001908
   7.633184 -0.049024
   7.665528  0.058971
   7.697872 -0.221929
   7.730216  0.004945
   7.762560 -0.074718
   7.794904  0.289706
   7.827248 -0.005023
   7.859592  0.087143
   7.891936  0.051526
   7.924280  0.087735
   7.956624 -0.057230
   7.988968  0.143399
   8.021312  0.177843
   8.053656  0.199047
   8.086000 -0.081299
   8.118344  0.054270
   8.150688  0.073378
   8.183032  0.173313
   8.215376 -0.135560
   8.247720 -0.094826
   8.280064  0.062604
   8.312408  0.177288
   8.344752 -0.005964
   8.377096  0.024048
   8.409440  0.019122
   8.441784  0.313691
   8.474128 -0.150730
   8.506472  0.108574
   8.538816  0.018054
   8.571160  0.222786
   8.603504 -0.008412
   8.635848  0.036872
   8.668192 -0.052930
   8.700536  0.102845
   8.732880  0.022047
   8.765224  0.183609
   8.797568  0.167651
   8.829912  0.211552
   8.862256  0.026893
   8.894600  0.168526
   8.926944 -0.038976
   8.959288  0.342647
   8.991632  0.014566
   9.023976  0.060435
   9.056320  0.067483
   9.088664  0.184367
   9.121008 -0.103965
   9.153352  0.153890
   9.185696  0.022612
   9.218040  0.172769
   9.250384 -0.013143
   9.282728 -0.012577
   9.315072 -0.040337
   9.347416  0.123157
   9.379760 -0.148378
   9.412104 -0.054425
   9.444448 -0.032691
   9.476792  0.150387
   9.509136  0.009251
   9.541480  0.082612
   9.573824  0.129691
   9.606168  0.242676
   9.638512  0.114519
   9.670856  0.034502
   9.703200  0.041528
   9.735544  0.058439
   9.767888 -0.151822
   9.800232  0.152323
   9.832576  0.017872
   9.864920  0.231023
   9.897264 -0.092023
   9.929608 -0.046558
   9.961952  0.197869
   9.994296  0.185993
  10.026640 -0.059820
  10.058984  0.005402
  10.091328 -0.007955
  10.123672  0.229569
  10.156016 -0.194754
  10.188360  0.000792
  10.220704 -0.046918
  10.253048  0.097606
  10.285392 -0.027688
  10.317736 -0.028176
  10.350080 -0.138951
  10.382424  0.093971
  10.414768 -0.069204
  10.447112  0.048240
  10.479456 -0.048204
  10.511800  0.090724
  10.544144 -0.113808
  10.576488  0.005179
  10.608832  0.046746
  10.641176  0.265428
  10.673520 -0.088646
  10.705864  0.120996
  10.738208  0.032961
  10.770552  0.351418
  10.802896  0.133234
  10.835240  0.224908
  10.867584  0.139369
  10.899928  0.241439
  10.932272 -0.028483
  10.964616  0.211053
  10.996960  0.149410
  11.029304  0.280529
  11.061648 -0.059678
  11.093992  0.150643
  11.126336  0.189869
  11.158680  0.317043
  11.191024  0.074871
  11.223368  0.181067
  11.255712  0.153078
  11.288056  0.356378
  11.320400 -0.002189
  11.352744  0.222102
  11.385088  0.225945
  11.417432  0.304764
  11.449776  0.158352
  11.482120  0.161533
  11.514464  0.240183
  11.546808  0.221512
  11.579152 -0.069315
  11.611496  0.157787
  11.643840  0.070888
  11.676184  0.416068
  11.708528 -0.071475
  11.740872  0.322678
  11.773216  0.135502
  11.805560  0.341779
  11.837904 -0.020715
  11.870248  0.275708
  11.902592  0.103768
  11.934936  0.254795
  11.967280  0.151055
  11.999624  0.330417
  12.031968  0.111787
  12.064312  0.384705
  12.096656 -0.032193
  12.129000  0.250566
  12.161344  0.194393
  12.193688  0.360134
  12.226032  0.030889
  12.258376  0.261687
  12.290720  0.161037
  12.323064  0.282877
  12.355408  0.131861
  12.387752  0.252179
  12.420096  0.182946
  12.452440  0.370398
  12.484784  0.059006
  12.517128  0.212560
  12.549472  0.168671
  12.581816  0.322845
  12.614160  0.011228
  12.646504  0.215619
  12.678848  0.219875
  12.711192  0.410878
  12.743536  0.021479
  12.775880  0.167687
  12.808224  0.263408
  12.840568  0.306669
  12.872912 -0.002630
  12.905256  0.262917
  12.937600  0.253824
  12.969944  0.251556
  13.002288  0.007329
  13.034632  0.053872
  13.066976  0.263581
  13.099320  0.436991
  13.131664  0.137268
  13.164008  0.120870
  13.196352  0.153465
  13.228696  0.378722
  13.261040  0.052022
  13.293384  0.161565
  13.325728  0.059706
  13.358072  0.236000
  13.390416  0.006760
  13.422760  0.224695
  13.455104  0.137658
  13.487448  0.294969
  13.519792  0.134697
  13.552136  0.120996
  13.584480  0.051436
  13.616824  0.420612
  13.649168  0.037463
  13.681512  0.300387
  13.713856  0.104157
  13.746200  0.336533
  13.778544  0.124703
  13.810888  0.223141
  13.843232  0.059605
  13.875576  0.267149
  13.907920  0.012873
  13.940264  0.166977
  13.972608  0.329391
  14.004952  0.489290
  14.037296  0.123371
  14.069640  0.105859
  14.101984  0.184581
  14.134328  0.328400
  14.166672  0.045516
  14.199016  0.228993
  14.231360  0.264613
  14.263704  0.256541
  14.296048  0.090208
  14.328392  0.101772
  14.360736  0.126500
  14.393080  0.264515
  14.425424  0.104059
  14.457768  0.129339
  14.490112  0.242890
  14.522456  0.320288
  14.554800 -0.069731
  14.587144  0.019689
  14.619488  0.015796
  14.651832  0.229799
  14.684176  0.177709
  14.716520  0.131541
  14.748864  0.071036
  14.781208  0.138570
  14.813552  0.083180
  14.845896  0.387117
  14.878240  0.165259
  14.910584  0.428590
  14.942928  0.161892
  14.975272  0.123321
  15.007616  0.198829
  15.039960  0.220063
  15.072304  0.059839
  15.104648  0.154744
  15.136992  0.128042
  15.169336  0.355041
  15.201680  0.007772
  15.234024  0.170882
  15.266368  0.063396
  15.298712  0.275537
  15.331056  0.078467
  15.363400  0.156545
  15.395744  0.036621
  15.428088  0.231940
  15.460432 -0.101920
  15.492776  0.263827
  15.525120  0.170028
  15.557464  0.224901
  15.589808  0.203109
  15.622152  0.193296
  15.654496  0.262891
  15.686840  0.470906
  15.719184  0.125816
  15.751528  0.164840
  15.783872  0.097286
  15.816216  0.390586
  15.848560  0.067462
  15.880904  0.083722
  15.913248  0.217902
  15.945592  0.398098
  15.977936 -0.060056
  16.010280  0.181125
  16.042624  0.248116
  16.074968  0.094740
  16.107312  0.106529
  16.139656  0.187472
  16.172000 -0.022445
  16.204344  0.170221
  16.236688  0.105575
  16.269032  0.181804
  16.301376  0.045603
  16.333720  0.382743
  16.366064 -0.084327
  16.398408  0.226608
  16.430752  0.026441
  16.463096  0.364560
  16.495440  0.059772
  16.527784  0.142030
  16.560128  0.103108
  16.592472  0.390445
  16.624816 -0.010058
  16.657160  0.177424
  16.689504  0.059339
  16.721848  0.330417
  16.754192 -0.043931
  16.786536  0.230914
  16.818880  0.240073
  16.851224  0.189574
  16.883568  0.123874
  16.915912  0.219155
  16.948256  0.245900
  16.980600  0.377401
  17.012944  0.190247
  17.045288  0.127198
  17.077632  0.117656
  17.109976  0.365039
  17.142320  0.036730
  17.174664  0.247303
  17.207008  0.126634
  17.239352  0.431543
  17.271696  0.074062
  17.304040  0.177287
  17.336384  0.047211
  17.368728  0.346111
  17.401072  0.170195
  17.433416  0.183059
  17.465760  0.241746
  17.498104  0.333378
  17.530448  0.162221
  17.562792  0.071260
  17.595136  0.170919
  17.627480  0.215715
  17.659824 -0.075348
  17.692168  0.198395
  17.724512  0.177709
  17.756856  0.205322
  17.789200  0.132830
  17.821544  0.144092
  17.853888  0.212436
  17.886232  0.311216
  17.918576  0.088294
  17.950920  0.058001
  17.983264  0.126534
  18.015608  0.295710
  18.047952  0.122502
  18.080296  0.142079
  18.112640  0.091051
  18.144984  0.288815
  18.177328  0.024004
  18.209672  0.180403
  18.242016  0.220286
  18.274360  0.440889
  18.306704  0.083353
  18.339048  0.344454
  18.371392  0.169741
  18.403736  0.267039
  18.436080  0.198572
  18.468424  0.295405
  18.500768  0.251997
  18.533112  0.395905
  18.565456  0.153054
  18.597800  0.373051
  18.630144  0.115003
  18.662488  0.195127
  18.694832 -0.017430
  18.727176  0.146869
  18.759520  0.124104
  18.791864  0.231602
  18.824208  0.085057
  18.856552  0.049783
  18.888896  0.102783
  18.921240  0.408388
  18.953584  0.073184
  18.985928  0.338611
  19.018272  0.131131
  19.050616  0.322057
  19.082960 -0.048848
  19.115304  0.155913
  19.147648  0.208839
  19.179992  0.305719
  19.212336  0.024923
  19.244680  0.215915
  19.277024  0.220526
  19.309368  0.354077
  19.341712  0.076961
  19.374056  0.196919
  19.406400  0.108613
  19.438744  0.362568
  19.471088  0.125634
  19.503432  0.311184
  19.535776  0.129361
  19.568120  0.310620
  19.600464  0.073700
  19.632808  0.173887
  19.665152  0.187158
  19.697496  0.239315
  19.729840  0.159714
  19.762184  0.162549
  19.794528  0.053179
  19.826872  0.219756
  19.859216 -0.011021
  19.891560  0.272513
  19.923904  0.129943
  19.956248  0.291405
  19.988592  0.001102
  20.020936  0.121842
  20.053280  0.204938
  20.085624  0.505893
  20.117968  0.097263
  20.150312  0.270738
  20.182656  0.028328
  20.215000  0.340824
  20.247344  0.031041
  20.279688  0.152806
  20.312032  0.069614
  20.344376  0.144723
  20.376720  0.136874
  20.409064  0.163709
  20.441408  0.084500
  20.473752  0.363380
  20.506096  0.066788
  20.538440  0.224930
  20.570784  0.063114
  20.603128  0.237948
  20.635472  0.053223
  20.667816  0.194816
  20.700160  0.148768
  20.732504  0.286613
  20.764848  0.061136
  20.797192  0.150643
  20.829536  0.136953
  20.861880  0.247443
  20.894224  0.223775
  20.926568  0.194694
  20.958912  0.229685
  20.991256  0.349562
  21.023600  0.088665
  21.055944  0.108692
  21.088288  0.076022
  21.120632  0.464702
  21.152976  0.099693
  21.185320  0.268752
  21.217664  0.131386
  21.250008  0.376171
  21.282352  0.153617
  21.314696  0.138082
  21.347040  0.115790
  21.379384  0.334269
  21.411728 -0.073722
  21.444072  0.109418
  21.476416  0.151872
  21.508760  0.328586
  21.541104  0.008789
  21.573448  0.172410
  21.605792  0.119466
  21.638136  0.212560
  21.670480  0.115790
  21.702824  0.111657
  21.735168  0.080347
  21.767512  0.207334
  21.799856 -0.033256
  21.832200  0.127364
  21.864544  0.233411
  21.896888  0.294237
  21.929232  0.052048
  21.961576  0.162846
  21.993920  0.017862
  22.026264  0.426812
  22.058608 -0.089485
  22.090952  0.091671
  22.123296  0.062773
  22.155640  0.391360
  22.187984  0.026925
  22.220328  0.059040
  22.252672  0.132993
  22.285016  0.303220
  22.317360 -0.094852
  22.349704  0.198395
  22.382048  0.148844
  22.414392  0.336837
  22.446736  0.035489
  22.479080  0.308699
  22.511424  0.175016
  22.543768  0.377531
  22.576112  0.111916
  22.608456  0.094684
  22.640800  0.117040
  22.673144  0.258960
  22.705488 -0.009945
  22.737832  0.170655
  22.770176  0.027544
  22.802520  0.300961
  22.834864  0.113194
  22.867208  0.262719
  22.899552  0.098259
  22.931896  0.281004
  22.964240  0.072991
  22.996584  0.245013
  23.028928  0.175312
  23.061272  0.219155
  23.093616  0.013918
  23.125960  0.012423
  23.158304  0.173184
  23.190648  0.296912
  23.222992 -0.017608
  23.255336  0.085253
  23.287680  0.015376
  23.320024  0.378221
  23.352368 -0.035774
  23.384712  0.211346
  23.417056  0.163649
  23.449400  0.274869
  23.481744  0.039156
  23.514088  0.111832
  23.546432  0.067246
  23.578776  0.268588
  23.611120  0.037463
  23.643464  0.243243
  23.675808  0.046333
  23.708152  0.167961
  23.740496 -0.023333
  23.772840  0.106771
  23.805184  0.137601
  23.837528  0.469244
  23.869872  0.023483
  23.902216  0.168542
  23.934560  0.047674
  23.966904  0.331615
  23.999248 -0.100474
  24.031592  0.198743
  24.063936  0.136953
  24.096280  0.183663
  24.128624 -0.002149
  24.160968  0.115951
  24.193312  0.047622
  24.225656  0.224083
  24.258000 -0.047459
  24.290344  0.178278
  24.322688  0.025876
  24.355032  0.246068
  24.387376  0.002910
  24.419720  0.169381
  24.452064  0.043821
  24.484408  0.290217
  24.516752 -0.001814
  24.549096  0.033793
  24.581440  0.013961
  24.613784  0.216812
  24.646128 -0.029865
  24.678472 -0.017876
  24.710816  0.089652
  24.743160  0.234658
  24.775504 -0.007955
  24.807848  0.052181
  24.840192  0.062390
  24.872536  0.072068
  24.904880  0.088081
  24.937224  0.209918
  24.969568  0.118168
  25.001912  0.230632
  25.034256  0.153438
  25.066600  0.168927
  25.098944  0.141795
  25.131288  0.367424
  25.163632  0.018343
  25.195976  0.141902
  25.228320  0.111783
  25.260664  0.104949
  25.293008 -0.061348
  25.325352  0.065172
  25.357696  0.056727
  25.390040  0.092771
  25.422384  0.103317
  25.454728  0.083371
  25.487072  0.184520
  25.519416  0.233186
  25.551760 -0.033967
  25.584104  0.249852
  25.616448  0.081485
  25.648792  0.273189
  25.681136 -0.074316
  25.713480  0.149098
  25.745824  0.062972
  25.778168  0.344482
  25.810512  0.067353
  25.842856  0.064303
  25.875200  0.009934
  25.907544  0.252951
  25.939888  0.063338
  25.972232  0.036730
  26.004576  0.052048
  26.036920  0.157143
  26.069264  0.004614
  26.101608  0.143801
  26.133952  0.134776
  26.166296  0.233752
  26.198640 -0.061912
  26.230984  0.151774
  26.263328  0.264199
  26.295672  0.210544
  26.328016  0.032300
  26.360360  0.065041
  26.392704  0.203418
  26.425048  0.253563
  26.457392 -0.007885
  26.489736  0.181823
  26.522080  0.143025
  26.554424  0.270355
  26.586768 -0.048945
  26.619112  0.083180
  26.651456  0.118051
  26.683800  0.188398
  26.716144 -0.023238
  26.748488  0.099948
  26.780832  0.029008
  26.813176  0.285580
  26.845520 -0.023291
  26.877864  0.242159
  26.910208  0.219444
  26.942552  0.344366
  26.974896  0.014203
  27.007240  0.201455
  27.039584 -0.029697
  27.071928  0.198701
  27.104272  0.188084
  27.136616  0.119238
  27.168960  0.058805
  27.201304  0.208846
  27.233648  0.016730
  27.265992  0.126200
  27.298336  0.337845
  27.330680  0.299659
  27.363024  0.228310