 Eloss (eV)  Counts/s
 -38.861316 -0.016729
 -38.828972 -0.145607
 -38.796628  0.038356
 -38.764284  0.054618
 -38.731940 -0.123259
 -38.699596 -0.041378
 -38.667252 -0.169181
 -38.634908  0.037679
 -38.602564 -0.203436
 -38.570220 -0.272863
 -38.537876  0.039360
 -38.505532  0.079587
 -38.473188  0.027585
 -38.440844 -0.043514
 -38.408500 -0.092564
 -38.376156  0.016357
 -38.343812 -0.123683
 -38.311468 -0.117940
 -38.279124 -0.082088
 -38.246780 -0.013521
 -38.214436 -0.142037
 -38.182092 -0.181401
 -38.149748 -0.142620
 -38.117404  0.013775
 -38.085060 -0.139578
 -38.052716 -0.113494
 -38.020372 -0.042466
 -37.988028  0.086907
 -37.955684 -0.258338
 -37.923340 -0.229069
 -37.890996 -0.002533
 -37.858652  0.028255
 -37.826308 -0.079543
 -37.793964 -0.142852
 -37.761620 -0.010220
 -37.729276 -0.044633
 -37.696932 -0.208115
 -37.664588  0.006527
 -37.632244 -0.143188
 -37.599900 -0.033115
 -37.567556 -0.096000
 -37.535212 -0.164188
 -37.502868 -0.147915
 -37.470524  0.101512
 -37.438180 -0.120673
 -37.405836  0.004749
 -37.373492  0.002938
 -37.341148  0.026557
 -37.308804 -0.082263
 -37.276460 -0.054890
 -37.244116 -0.060294
 -37.211772 -0.012538
 -37.179428 -0.019205
 -37.147084 -0.200877
 -37.114740 -0.203330
 -37.082396  0.018988
 -37.050052 -0.225486
 -37.017708 -0.192725
 -36.985364 -0.171068
 -36.953020 -0.048380
 -36.920676 -0.243806
 -36.888332 -0.098811
 -36.855988 -0.058778
 -36.823644  0.011329
 -36.791300 -0.273454
 -36.758956 -0.059780
 -36.726612  0.011778
 -36.694268  0.006527
 -36.661924 -0.161093
 -36.629580 -0.057830
 -36.597236 -0.097285
 -36.564892 -0.013829
 -36.532548 -0.305924
 -36.500204 -0.218801
 -36.467860 -0.148156
 -36.435516 -0.041310
 -36.403172 -0.103555
 -36.370828 -0.217320
 -36.338484 -0.148431
 -36.306140  0.055503
 -36.273796 -0.277354
 -36.241452 -0.147374
 -36.209108 -0.038323
 -36.176764 -0.124555
 -36.144420 -0.133185
 -36.112076 -0.117848
 -36.079732 -0.187170
 -36.047388  0.147597
 -36.015044 -0.087195
 -35.982700 -0.138332
 -35.950356 -0.019101
 -35.918012 -0.069642
 -35.885668 -0.232468
 -35.853324 -0.144006
 -35.820980 -0.175168
 -35.788636  0.066207
 -35.756292 -0.198143
 -35.723948 -0.028874
 -35.691604 -0.082681
 -35.659260 -0.050672
 -35.626916 -0.159400
 -35.594572 -0.209866
 -35.562228 -0.082401
 -35.529884 -0.025347
 -35.497540 -0.310739
 -35.465196  0.031677
 -35.432852 -0.110828
 -35.400508  0.134551
 -35.368164 -0.242262
 -35.335820 -0.232721
 -35.303476 -0.089184
 -35.271132 -0.009961
 -35.238788 -0.153192
 -35.206444 -0.052938
 -35.174100 -0.074461
 -35.141756 -0.048164
 -35.109412 -0.241798
 -35.077068 -0.289595
 -35.044724 -0.108972
 -35.012380  0.032350
 -34.980036 -0.246088
 -34.947692 -0.159735
 -34.915348  0.047626
 -34.883004  0.046253
 -34.850660 -0.263425
 -34.818316 -0.169887
 -34.785972 -0.278442
 -34.753628  0.025450
 -34.721284 -0.281304
 -34.688940 -0.211297
 -34.656596 -0.176703
 -34.624252 -0.000566
 -34.591908 -0.166772
 -34.559564 -0.174430
 -34.527220 -0.150676
 -34.494876  0.040160
 -34.462532 -0.261913
 -34.430188 -0.405173
 -34.397844 -0.125060
 -34.365500 -0.033461
 -34.333156 -0.201853
 -34.300812 -0.215617
 -34.268468 -0.011468
 -34.236124 -0.109942
 -34.203780 -0.201476
 -34.171436 -0.128209
 -34.139092 -0.242828
 -34.106748 -0.026368
 -34.074404 -0.287717
 -34.042060 -0.106535
 -34.009716 -0.148083
 -33.977372 -0.027193
 -33.945028 -0.168708
 -33.912684 -0.149116
 -33.880340 -0.154155
 -33.847996  0.018800
 -33.815652 -0.223973
 -33.783308 -0.040107
 -33.750964 -0.143127
 -33.718620  0.049418
 -33.686276 -0.147327
 -33.653932 -0.086664
 -33.621588 -0.032812
 -33.589244  0.003296
 -33.556900 -0.191010
 -33.524556 -0.234325
 -33.492212 -0.107371
 -33.459868 -0.185783
 -33.427524 -0.177359
 -33.395180 -0.170832
 -33.362836 -0.034674
 -33.330492  0.190210
 -33.298148 -0.124395
 -33.265804 -0.097574
 -33.233460  0.064747
 -33.201116  0.019460
 -33.168772 -0.254167
 -33.136428 -0.107510
 -33.104084 -0.156418
 -33.071740  0.061913
 -33.039396 -0.239516
 -33.007052 -0.060205
 -32.974708 -0.076718
 -32.942364  0.149194
 -32.910020 -0.170786
 -32.877676 -0.060532
 -32.845332 -0.068535
 -32.812988 -0.008561
 -32.780644 -0.242990
 -32.748300 -0.091095
 -32.715956 -0.201979
 -32.683612  0.202626
 -32.651268 -0.163397
 -32.618924 -0.042177
 -32.586580 -0.063976
 -32.554236 -0.107970
 -32.521892 -0.230048
 -32.489548 -0.210462
 -32.457204 -0.090055
 -32.424860 -0.088907
 -32.392516 -0.131236
 -32.360172 -0.151445
 -32.327828 -0.073322
 -32.295484 -0.021619
 -32.263140 -0.227272
 -32.230796 -0.330405
 -32.198452 -0.199399
 -32.166108 -0.005862
 -32.133764 -0.204627
 -32.101420 -0.153990
 -32.069076 -0.150573
 -32.036732 -0.096000
 -32.004388 -0.180037
 -31.972044 -0.094503
 -31.939700 -0.253794
 -31.907356  0.026654
 -31.875012 -0.250352
 -31.842668 -0.052977
 -31.810324 -0.079224
 -31.777980 -0.014801
 -31.745636 -0.178202
 -31.713292  0.014725
 -31.680948 -0.022123
 -31.648604  0.004844
 -31.616260 -0.250024
 -31.583916 -0.314975
 -31.551572 -0.251587
 -31.519228 -0.073044
 -31.486884 -0.274774
 -31.454540 -0.301337
 -31.422196 -0.168420
 -31.389852 -0.050451
 -31.357508 -0.145958
 -31.325164 -0.121313
 -31.292820  0.076528
 -31.260476  0.003940
 -31.228132 -0.168420
 -31.195788 -0.041045
 -31.163444 -0.011534
 -31.131100 -0.082095
 -31.098756 -0.288180
 -31.066412  0.015849
 -31.034068 -0.214345
 -31.001724 -0.130015
 -30.969380 -0.313929
 -30.937036 -0.074180
 -30.904692 -0.103426
 -30.872348  0.096378
 -30.840004 -0.236711
 -30.807660 -0.255329
 -30.775316 -0.168708
 -30.742972  0.039831
 -30.710628 -0.285945
 -30.678284 -0.213641
 -30.645940 -0.082667
 -30.613596  0.027214
 -30.581252 -0.171711
 -30.548908  0.048848
 -30.516564 -0.259851
 -30.484220  0.010972
 -30.451876 -0.236998
 -30.419532 -0.098929
 -30.387188 -0.163967
 -30.354844  0.093011
 -30.322500 -0.264560
 -30.290156 -0.103343
 -30.257812 -0.110810
 -30.225468  0.161234
 -30.193124 -0.111983
 -30.160780 -0.262674
 -30.128436 -0.176167
 -30.096092  0.090409
 -30.063748 -0.084643
 -30.031404  0.003131
 -29.999060 -0.044206
 -29.966716 -0.126560
 -29.934372 -0.263429
 -29.902028 -0.129851
 -29.869684 -0.187724
 -29.837340 -0.163525
 -29.804996 -0.306092
 -29.772652 -0.079263
 -29.740308 -0.162414
 -29.707964 -0.077286
 -29.675620 -0.215683
 -29.643276 -0.306261
 -29.610932 -0.103527
 -29.578588  0.000468
 -29.546244 -0.145461
 -29.513900 -0.233082
 -29.481556 -0.127795
 -29.449212 -0.215551
 -29.416868 -0.221206
 -29.384524 -0.186020
 -29.352180 -0.087148
 -29.319836  0.068538
 -29.287492 -0.186035
 -29.255148 -0.079282
 -29.222804 -0.095434
 -29.190460  0.049667
 -29.158116 -0.216257
 -29.125772 -0.224927
 -29.093428 -0.155525
 -29.061084 -0.110369
 -29.028740 -0.117594
 -28.996396 -0.093440
 -28.964052 -0.166682
 -28.931708 -0.138141
 -28.899364 -0.113122
 -28.867020 -0.257569
 -28.834676  0.009704
 -28.802332  0.007915
 -28.769988 -0.119717
 -28.737644 -0.149560
 -28.705300 -0.031112
 -28.672956 -0.068529
 -28.640612 -0.131584
 -28.608268 -0.250545
 -28.575924 -0.084672
 -28.543580 -0.096483
 -28.511236 -0.273454
 -28.478892 -0.068789
 -28.446548 -0.127438
 -28.414204  0.004745
 -28.381860 -0.180111
 -28.349516 -0.143460
 -28.317172 -0.293547
 -28.284828 -0.017258
 -28.252484 -0.211082
 -28.220140 -0.091301
 -28.187796 -0.153990
 -28.155452  0.021200
 -28.123108 -0.220798
 -28.090764 -0.221981
 -28.058420 -0.036398
 -28.026076  0.078475
 -27.993732 -0.176617
 -27.961388 -0.001921
 -27.929044 -0.146246
 -27.896700  0.021983
 -27.864356 -0.144187
 -27.832012  0.064739
 -27.799668 -0.103697
 -27.767324  0.211679
 -27.734980 -0.106441
 -27.702636 -0.151499
 -27.670292 -0.022566
 -27.637948  0.047549
 -27.605604 -0.015440
 -27.573260  0.039151
 -27.540916  0.000993
 -27.508572  0.075289
 -27.476228 -0.113727
 -27.443884 -0.106297
 -27.411540 -0.017062
 -27.379196 -0.043812
 -27.346852 -0.137096
 -27.314508 -0.136442
 -27.282164 -0.029673
 -27.249820  0.064508
 -27.217476 -0.247246
 -27.185132 -0.239957
 -27.152788  0.075873
 -27.120444 -0.021115
 -27.088100  0.057646
 -27.055756  0.012641
 -27.023412 -0.057140
 -26.991068  0.098887
 -26.958724 -0.158117
 -26.926380 -0.162589
 -26.894036  0.096432
 -26.861692  0.116361
 -26.829348 -0.006597
 -26.797004  0.029852
 -26.764660 -0.023900
 -26.732316  0.128167
 -26.699972  0.010109
 -26.667628 -0.000594
 -26.635284  0.070183
 -26.602940  0.135164
 -26.570596 -0.301911
 -26.538252 -0.090012
 -26.505908 -0.177679
 -26.473564  0.009698
 -26.441220 -0.153347
 -26.408876 -0.154714
 -26.376532 -0.112477
 -26.344188  0.114887
 -26.311844 -0.051758
 -26.279500 -0.041711
 -26.247156  0.009147
 -26.214812  0.127187
 -26.182468 -0.045487
 -26.150124 -0.038534
 -26.117780 -0.069081
 -26.085436  0.116961
 -26.053092 -0.069101
 -26.020748 -0.253743
 -25.988404 -0.038441
 -25.956060  0.133097
 -25.923716 -0.076978
 -25.891372 -0.136161
 -25.859028  0.047327
 -25.826684 -0.008595
 -25.794340 -0.098540
 -25.761996 -0.154964
 -25.729652 -0.074742
 -25.697308 -0.032368
 -25.664964 -0.259369
 -25.632620 -0.054091
 -25.600276 -0.072193
 -25.567932  0.042037
 -25.535588 -0.165813
 -25.503244 -0.116713
 -25.470900 -0.028325
 -25.438556  0.046800
 -25.406212 -0.102694
 -25.373868 -0.123300
 -25.341524  0.065016
 -25.309180  0.280600
 -25.276836 -0.116702
 -25.244492 -0.004515
 -25.212148 -0.077004
 -25.179804  0.057630
 -25.147460 -0.105845
 -25.115116  0.026451
 -25.082772 -0.111609
 -25.050428  0.004178
 -25.018084 -0.224688
 -24.985740 -0.239957
 -24.953396 -0.011156
 -24.921052  0.143627
 -24.888708 -0.150028
 -24.856364 -0.201350
 -24.824020 -0.089502
 -24.791676 -0.008646
 -24.759332 -0.131746
 -24.726988 -0.088077
 -24.694644 -0.068789
 -24.662300  0.132310
 -24.629956 -0.130727
 -24.597612  0.006448
 -24.565268  0.081235
 -24.532924  0.014457
 -24.500580 -0.087437
 -24.468236 -0.045984
 -24.435892 -0.089736
 -24.403548  0.029158
 -24.371204 -0.215272
 -24.338860  0.062185
 -24.306516 -0.013361
 -24.274172  0.011077
 -24.241828 -0.113876
 -24.209484 -0.030851
 -24.177140  0.003933
 -24.144796  0.064517
 -24.112452 -0.075875
 -24.080108 -0.058377
 -24.047764 -0.083241
 -24.015420  0.128995
 -23.983076  0.028903
 -23.950732  0.040916
 -23.918388  0.141331
 -23.886044  0.142100
 -23.853700 -0.205243
 -23.821356 -0.036507
 -23.789012 -0.065368
 -23.756668  0.050452
 -23.724324  0.029583
 -23.691980 -0.047274
 -23.659636 -0.006679
 -23.627292  0.148456
 -23.594948 -0.179173
 -23.562604 -0.081853
 -23.530260  0.028048
 -23.497916  0.022160
 -23.465572 -0.293205
 -23.433228 -0.077289
 -23.400884  0.021874
 -23.368540  0.109964
 -23.336196 -0.196648
 -23.303852 -0.082976
 -23.271508  0.083262
 -23.239164  0.036195
 -23.206820 -0.158436
 -23.174476  0.021860
 -23.142132  0.045365
 -23.109788  0.106770
 -23.077444 -0.193529
 -23.045100 -0.043373
 -23.012756  0.015294
 -22.980412  0.278126
 -22.948068 -0.172922
 -22.915724 -0.061488
 -22.883380 -0.067097
 -22.851036  0.037902
 -22.818692 -0.071638
 -22.786348  0.076282
 -22.754004  0.008385
 -22.721660  0.236314
 -22.689316 -0.003243
 -22.656972  0.044707
 -22.624628  0.000958
 -22.592284  0.000052
 -22.559940 -0.076720
 -22.527596  0.076755
 -22.495252 -0.135971
 -22.462908  0.056402
 -22.430564 -0.069929
 -22.398220  0.247667
 -22.365876  0.083576
 -22.333532  0.004666
 -22.301188 -0.167010
 -22.268844 -0.030894
 -22.236500  0.011844
 -22.204156  0.041766
 -22.171812 -0.240962
 -22.139468 -0.127076
 -22.107124  0.015102
 -22.074780  0.097953
 -22.042436  0.048069
 -22.010092  0.083981
 -21.977748 -0.120899
 -21.945404  0.192321
 -21.913060  0.038582
 -21.880716  0.103776
 -21.848372  0.014635
 -21.816028  0.123420
 -21.783684 -0.196239
 -21.751340 -0.073611
 -21.718996  0.016121
 -21.686652  0.194016
 -21.654308 -0.106113
 -21.621964  0.109820
 -21.589620 -0.126355
 -21.557276  0.120211
 -21.524932 -0.038176
 -21.492588 -0.039646
 -21.460244 -0.024570
 -21.427900  0.019601
 -21.395556 -0.002360
 -21.363212 -0.062892
 -21.330868  0.017473
 -21.298524  0.159832
 -21.266180 -0.064553
 -21.233836 -0.066233
 -21.201492  0.120743
 -21.169148  0.079330
 -21.136804 -0.063346
 -21.104460 -0.165192
 -21.072116 -0.187417
 -21.039772  0.129967
 -21.007428  0.013651
 -20.975084 -0.032326
 -20.942740  0.016776
 -20.910396  0.079328
 -20.878052 -0.079259
 -20.845708 -0.005148
 -20.813364  0.046395
 -20.781020  0.164060
 -20.748676 -0.155769
 -20.716332 -0.144685
 -20.683988  0.072581
 -20.651644  0.036771
 -20.619300 -0.096000
 -20.586956 -0.098811
 -20.554612  0.028974
 -20.522268  0.054756
 -20.489924 -0.212724
 -20.457580 -0.219730
 -20.425236  0.040965
 -20.392892  0.124893
 -20.360548 -0.044329
 -20.328204 -0.075024
 -20.295860 -0.004480
 -20.263516  0.103001
 -20.231172 -0.132140
 -20.198828 -0.024822
 -20.166484  0.106372
 -20.134140  0.134282
 -20.101796 -0.061722
 -20.069452  0.080613
 -20.037108 -0.039806
 -20.004764  0.011163
 -19.972420 -0.086463
 -19.940076  0.102789
 -19.907732 -0.057451
 -19.875388  0.246854
 -19.843044  0.004184
 -19.810700 -0.071912
 -19.778356 -0.021277
 -19.746012  0.323085
 -19.713668 -0.169838
 -19.681324  0.009854
 -19.648980  0.060141
 -19.616636  0.055451
 -19.584292 -0.169289
 -19.551948  0.031567
 -19.519604  0.103134
 -19.487260  0.004342
 -19.454916 -0.138581
 -19.422572 -0.087533
 -19.390228 -0.033200
 -19.357884  0.243134
 -19.325540 -0.187044
 -19.293196  0.097065
 -19.260852 -0.005683
 -19.228508  0.265799
 -19.196164 -0.104953
 -19.163820  0.021295
 -19.131476  0.010252
 -19.099132  0.033833
 -19.066788 -0.027405
 -19.034444  0.087597
 -19.002100 -0.152523
 -18.969756 -0.018249
 -18.937412 -0.044473
 -18.905068  0.013386
 -18.872724  0.039716
 -18.840380  0.191536
 -18.808036 -0.068522
 -18.775692 -0.129714
 -18.743348 -0.026772
 -18.711004  0.191234
 -18.678660  0.049029
 -18.646316  0.021488
 -18.613972  0.032916
 -18.581628  0.311785
 -18.549284  0.000183
 -18.516940  0.098102
 -18.484596  0.099863
 -18.452252  0.107932
 -18.419908 -0.059459
 -18.387564 -0.019458
 -18.355220  0.057584
 -18.322876  0.184674
 -18.290532 -0.222145
 -18.258188 -0.006542
 -18.225844 -0.024147
 -18.193500  0.190659
 -18.161156 -0.187860
 -18.128812 -0.015914
 -18.096468  0.012041
 -18.064124  0.325639
 -18.031780  0.051482
 -17.999436 -0.084321
 -17.967092  0.153549
 -17.934748  0.042595
 -17.902404 -0.014848
 -17.870060 -0.126715
 -17.837716 -0.028679
 -17.805372  0.099143
 -17.773028 -0.125379
 -17.740684 -0.026271
 -17.708340 -0.027570
 -17.675996  0.081549
 -17.643652  0.047549
 -17.611308  0.042315
 -17.578964 -0.029741
 -17.546620  0.162601
 -17.514276 -0.080419
 -17.481932 -0.084096
 -17.449588  0.035301
 -17.417244  0.026916
 -17.384900 -0.109503
 -17.352556 -0.136634
 -17.320212 -0.054636
 -17.287868  0.045159
 -17.255524 -0.106267
 -17.223180 -0.136140
 -17.190836  0.017327
 -17.158492  0.236537
 -17.126148 -0.047952
 -17.093804 -0.039979
 -17.061460 -0.020526
 -17.029116 -0.010277
 -16.996772 -0.130162
 -16.964428  0.007500
 -16.932084  0.128902
 -16.899740  0.072202
 -16.867396 -0.118720
 -16.835052 -0.092651
 -16.802708  0.038583
 -16.770364  0.143019
 -16.738020 -0.018589
 -16.705676 -0.051238
 -16.673332 -0.012538
 -16.640988  0.155138
 -16.608644 -0.000958
 -16.576300 -0.074174
 -16.543956 -0.039152
 -16.511612  0.067338
 -16.479268 -0.178563
 -16.446924  0.192588
 -16.414580 -0.206851
 -16.382236  0.193956
 -16.349892 -0.067384
 -16.317548  0.162458
 -16.285204  0.099390
 -16.252860  0.112433
 -16.220516 -0.028372
 -16.188172  0.143190
 -16.155828  0.002319
 -16.123484  0.140184
 -16.091140 -0.072478
 -16.058796 -0.057592
 -16.026452  0.019602
 -15.994108  0.047549
 -15.961764 -0.142103
 -15.929420 -0.087521
 -15.897076  0.070390
 -15.864732  0.175614
 -15.832388 -0.060546
 -15.800044  0.068470
 -15.767700 -0.007110
 -15.735356  0.060275
 -15.703012  0.063942
 -15.670668  0.162364
 -15.638324  0.104461
 -15.605980  0.297182
 -15.573636  0.009108
 -15.541292  0.015589
 -15.508948  0.031005
 -15.476604 -0.003629
 -15.444260 -0.048083
 -15.411916 -0.019557
 -15.379572 -0.019356
 -15.347228  0.102167
 -15.314884 -0.220297
 -15.282540 -0.021586
 -15.250196  0.016814
 -15.217852  0.063300
 -15.185508 -0.079572
 -15.153164 -0.106709
 -15.120820  0.101831
 -15.088476  0.128494
 -15.056132 -0.166955
 -15.023788  0.024219
 -14.991444  0.066425
 -14.959100  0.109595
 -14.926756 -0.047061
 -14.894412 -0.080429
 -14.862068 -0.080131
 -14.829724  0.075981
 -14.797380 -0.246653
 -14.765036  0.008487
 -14.732692 -0.001328
 -14.700348  0.216793
 -14.668004 -0.099153
 -14.635660  0.001508
 -14.603316  0.005961
 -14.570972  0.176681
 -14.538628 -0.116795
 -14.506284 -0.236550
 -14.473940 -0.012731
 -14.441596  0.148679
 -14.409252 -0.071932
 -14.376908 -0.119757
 -14.344564 -0.094827
 -14.312220 -0.016634
 -14.279876 -0.184786
 -14.247532 -0.014873
 -14.215188  0.192186
 -14.182844  0.204756
 -14.150500 -0.039717
 -14.118156  0.040850
 -14.085812  0.060410
 -14.053468  0.113944
 -14.021124 -0.010202
 -13.988780 -0.096504
 -13.956436 -0.012408
 -13.924092  0.067553
 -13.891748 -0.022984
 -13.859404  0.026350
 -13.827060 -0.000761
 -13.794716  0.122653
 -13.762372 -0.065099
 -13.730028 -0.013730
 -13.697684  0.153472
 -13.665340  0.243214
 -13.632996 -0.058814
 -13.600652  0.198623
 -13.568308 -0.038405
 -13.535964  0.232177
 -13.503620  0.057516
 -13.471276  0.002381
 -13.438932  0.062656
 -13.406588  0.098394
 -13.374244 -0.078925
 -13.341900 -0.077256
 -13.309556  0.153082
 -13.277212  0.183534
 -13.244868 -0.124715
 -13.212524  0.066063
 -13.180180  0.067831
 -13.147836  0.176449
 -13.115492 -0.131750
 -13.083148  0.085858
 -13.050804  0.024951
 -13.018460  0.182094
 -12.986116 -0.107840
 -12.953772 -0.116540
 -12.921428  0.105099
 -12.889084  0.121319
 -12.856740 -0.155201
 -12.824396 -0.106021
 -12.792052  0.010583
 -12.759708  0.011758
 -12.727364 -0.003491
 -12.695020 -0.021168
 -12.662676  0.057367
 -12.630332  0.286103
 -12.597988  0.057584
 -12.565644  0.089616
 -12.533300  0.046134
 -12.500956  0.042559
 -12.468612  0.025250
 -12.436268 -0.084393
 -12.403924 -0.042042
 -12.371580  0.150468
 -12.339236 -0.118328
 -12.306892 -0.163525
 -12.274548 -0.105699
 -12.242204  0.135507
 -12.209860 -0.203584
 -12.177516  0.066276
 -12.145172  0.009359
 -12.112828  0.078192
 -12.080484 -0.086386
 -12.048140 -0.077569
 -12.015796  0.175298
 -11.983452  0.123494
 -11.951108  0.023049
 -11.918764 -0.035118
 -11.886420  0.138345
 -11.854076  0.164537
 -11.821732  0.041991
 -11.789388  0.112625
 -11.757044  0.018184
 -11.724700  0.095894
 -11.692356  0.002719
 -11.660012 -0.019412
 -11.627668  0.148041
 -11.595324  0.203036
 -11.562980  0.013830
 -11.530636 -0.041209
 -11.498292 -0.009645
 -11.465948  0.173032
 -11.433604 -0.024621
 -11.401260  0.063177
 -11.368916  0.050298
 -11.336572  0.222389
 -11.304228 -0.088657
 -11.271884 -0.083512
 -11.239540  0.109011
 -11.207196  0.171408
 -11.174852 -0.000909
 -11.142508  0.034626
 -11.110164 -0.067670
 -11.077820  0.311219
 -11.045476 -0.143282
 -11.013132  0.096098
 -10.980788  0.142126
 -10.948444  0.105234
 -10.916100 -0.004939
 -10.883756  0.042785
 -10.851412 -0.052960
 -10.819068  0.109425
 -10.786724 -0.060808
 -10.754380  0.018327
 -10.722036  0.051333
 -10.689692  0.108451
 -10.657348 -0.065945
 -10.625004  0.035873
 -10.592660  0.117526
 -10.560316  0.154848
 -10.527972 -0.015500
 -10.495628 -0.048029
 -10.463284 -0.136703
 -10.430940  0.216793
 -10.398596 -0.196218
 -10.366252  0.098276
 -10.333908 -0.122410
 -10.301564  0.125275
 -10.269220  0.020067
 -10.236876  0.134074
 -10.204532  0.078346
 -10.172188  0.074938
 -10.139844 -0.057830
 -10.107500  0.111125
 -10.075156  0.039152
 -10.042812  0.309061
 -10.010468 -0.036514
  -9.978124  0.103938
  -9.945780  0.077528
  -9.913436  0.203024
  -9.881092 -0.139337
  -9.848748 -0.023128
  -9.816404  0.068180
  -9.784060  0.158940
  -9.751716 -0.099307
  -9.719372 -0.044680
  -9.687028  0.120630
  -9.654684  0.197385
  -9.622340 -0.108872
  -9.589996 -0.054154
  -9.557652  0.099189
  -9.525308  0.157175
  -9.492964 -0.047129
  -9.460620  0.042975
  -9.428276  0.048658
  -9.395932  0.169720
  -9.363588 -0.011786
  -9.331244  0.049119
  -9.298900 -0.083408
  -9.266556 -0.000290
  -9.234212 -0.076726
  -9.201868  0.001737
  -9.169524 -0.034109
  -9.137180  0.081178
  -9.104836 -0.008880
  -9.072492 -0.062892
  -9.040148  0.073366
  -9.007804  0.064870
  -8.975460 -0.102237
  -8.943116 -0.073037
  -8.910772 -0.001205
  -8.878428  0.038808
  -8.846084 -0.060025
  -8.813740  0.104670
  -8.781396  0.080513
  -8.749052  0.070473
  -8.716708 -0.046496
  -8.684364 -0.043876
  -8.652020  0.032795
  -8.619676  0.198053
  -8.587332 -0.010267
  -8.554988 -0.061255
  -8.522644  0.136248
  -8.490300  0.090931
  -8.457956 -0.103268
  -8.425612  0.024887
  -8.393268  0.060545
  -8.360924  0.107529
  -8.328580 -0.017120
  -8.296236 -0.071620
  -8.263892 -0.198488
  -8.231548  0.119431
  -8.199204 -0.131802
  -8.166860 -0.033168
  -8.134516 -0.024654
  -8.102172  0.206166
  -8.069828 -0.003212
  -8.037484  0.098171
  -8.005140  0.028870
  -7.972796  0.024021
  -7.940452 -0.054343
  -7.908108 -0.022769
  -7.875764  0.056719
  -7.843420  0.135718
  -7.811076  0.005880
  -7.778732  0.160750
  -7.746388  0.216350
  -7.714044  0.154571
  -7.681700 -0.005959
  -7.649356  0.015725
  -7.617012  0.068116
  -7.584668  0.164283
  -7.552324 -0.134120
  -7.519980 -0.106205
  -7.487636  0.055843
  -7.455292  0.073774
  -7.422948 -0.194496
  -7.390604  0.041062
  -7.358260  0.023738
  -7.325916  0.053752
  -7.293572 -0.004766
  -7.261228  0.183687
  -7.228884 -0.086308
  -7.196540  0.194553
  -7.164196 -0.074459
  -7.131852 -0.003629
  -7.099508  0.078219
  -7.067164  0.088205
  -7.034820 -0.053166
  -7.002476  0.013625
  -6.970132  0.031767
  -6.937788  0.223599
  -6.905444 -0.161503
  -6.873100 -0.068482
  -6.840756  0.065000
  -6.808412  0.076962
  -6.776068 -0.119727
  -6.743724  0.044130
  -6.711380  0.143843
  -6.679036  0.050668
  -6.646692  0.070325
  -6.614348  0.168015
  -6.582004  0.379024
  -6.549660  0.317125
  -6.517316 -0.010181
  -6.484972 -0.018781
  -6.452628 -0.083757
  -6.420284  0.095303
  -6.387940 -0.017918
  -6.355596  0.055845
  -6.323252  0.220401
  -6.290908  0.325373
  -6.258564  0.097288
  -6.226220  0.100034
  -6.193876 -0.019779
  -6.161532  0.106974
  -6.129188  0.003933
  -6.096844  0.134639
  -6.064500  0.144193
  -6.032156  0.117474
  -5.999812  0.016576
  -5.967468 -0.163486
  -5.935124  0.182013
  -5.902780  0.305906
  -5.870436  0.040934
  -5.838092  0.117343
  -5.805748 -0.028984
  -5.773404  0.038131
  -5.741060 -0.254167
  -5.708716 -0.140340
  -5.676372 -0.159589
  -5.644028  0.103744
  -5.611684 -0.176602
  -5.579340 -0.224451
  -5.546996 -0.120116
  -5.514652  0.187733
  -5.482308 -0.203767
  -5.449964 -0.194181
  -5.417620 -0.071350
  -5.385276  0.117920
  -5.352932 -0.171017
  -5.320588 -0.110287
  -5.288244  0.001997
  -5.255900  0.127489
  -5.223556 -0.138016
  -5.191212 -0.076427
  -5.158868 -0.011787
  -5.126524  0.002862
  -5.094180 -0.156417
  -5.061836 -0.041113
  -5.029492 -0.060881
  -4.997148  0.095189
  -4.964804 -0.076143
  -4.932460 -0.100042
  -4.900116  0.087191
  -4.867772  0.076898
  -4.835428 -0.084276
  -4.803084 -0.117805
  -4.770740 -0.103852
  -4.738396  0.185678
  -4.706052 -0.086330
  -4.673708  0.050547
  -4.641364 -0.076148
  -4.609020  0.070946
  -4.576676 -0.088089
  -4.544332  0.056932
  -4.511988 -0.108118
  -4.479644  0.034854
  -4.447300 -0.187615
  -4.414956 -0.121511
  -4.382612 -0.090623
  -4.350268 -0.019393
  -4.317924 -0.079481
  -4.285580 -0.111751
  -4.253236 -0.019403
  -4.220892  0.196349
  -4.188548 -0.081449
  -4.156204 -0.107856
  -4.123860  0.115264
  -4.091516  0.121669
  -4.059172 -0.160217
  -4.026828 -0.025138
  -3.994484 -0.080700
  -3.962140  0.174936
  -3.929796 -0.107574
  -3.897452  0.073895
  -3.865108  0.087875
  -3.832764  0.115063
  -3.800420 -0.153708
  -3.768076  0.007513
  -3.735732 -0.126203
  -3.703388  0.102362
  -3.671044 -0.114946
  -3.638700 -0.054444
  -3.606356  0.017966
  -3.574012  0.166267
  -3.541668 -0.124702
  -3.509324 -0.063721
  -3.476980 -0.084960
  -3.444636  0.212104
  -3.412292 -0.098610
  -3.379948 -0.000645
  -3.347604  0.120438
  -3.315260  0.111337
  -3.282916 -0.062195
  -3.250572 -0.062250
  -3.218228  0.034398
  -3.185884  0.076850
  -3.153540 -0.048408
  -3.121196 -0.036663
  -3.088852  0.050703
  -3.056508  0.130993
  -3.024164 -0.096791
  -2.991820  0.006042
  -2.959476 -0.111717
  -2.927132  0.210545
  -2.894788 -0.184916
  -2.862444 -0.030043
  -2.830100 -0.090882
  -2.797756  0.135654
  -2.765412 -0.181497
  -2.733068 -0.091158
  -2.700724 -0.133670
  -2.668380  0.186606
  -2.636036 -0.064009
  -2.603692 -0.010778
  -2.571348  0.075838
  -2.539004 -0.065089
  -2.506660  0.065994
  -2.474316 -0.086128
  -2.441972  0.148971
  -2.409628  0.086102
  -2.377284 -0.228917
  -2.344940 -0.185261
  -2.312596 -0.029978
  -2.280252  0.062826
  -2.247908 -0.068795
  -2.215564  0.032124
  -2.183220  0.047847
  -2.150876  0.082465
  -2.118532 -0.129286
  -2.086188 -0.049270
  -2.053844 -0.016554
  -2.021500  0.057573
  -1.989156 -0.224034
  -1.956812 -0.144893
  -1.924468 -0.198066
  -1.892124  0.009147
  -1.859780 -0.059734
  -1.827436  0.104712
  -1.795092 -0.111644
  -1.762748  0.101617
  -1.730404 -0.163158
  -1.698060  0.011778
  -1.665716 -0.107905
  -1.633372  0.039950
  -1.601028  0.074489
  -1.568684 -0.013423
  -1.536340 -0.007469
  -1.503996 -0.032160
  -1.471652 -0.071972
  -1.439308 -0.090391
  -1.406964 -0.107446
  -1.374620  0.020897
  -1.342276 -0.136190
  -1.309932 -0.101425
  -1.277588  0.007826
  -1.245244  0.033833
  -1.212900 -0.177811
  -1.180556  0.076732
  -1.148212 -0.164928
  -1.115868  0.103646
  -1.083524 -0.055556
  -1.051180 -0.067368
  -1.018836  0.029600
  -0.986492  0.079482
  -0.954148 -0.149389
  -0.921804 -0.042665
  -0.889460 -0.067631
  -0.857116  0.047002
  -0.824772 -0.179902
  -0.792428 -0.046411
  -0.760084 -0.113993
  -0.727740  0.195930
  -0.695396 -0.103937
  -0.663052 -0.153747
  -0.630708  0.027352
  -0.598364  0.121495
  -0.566020 -0.082408
  -0.533676 -0.152948
  -0.501332 -0.030285
  -0.468988  0.147746
  -0.436644 -0.076143
  -0.404300 -0.027595
  -0.371956 -0.040949
  -0.339612 -0.125121
  -0.307268 -0.172736
  -0.274924 -0.139903
  -0.242580  0.042422
  -0.210236  0.242166
  -0.177892 -0.060255
  -0.145548  0.203811
  -0.113204  0.596348
  -0.080860  1.256409
  -0.048516  1.789869
  -0.016172  2.327728
   0.016172  2.337918
   0.048516  1.859027
   0.080860  1.056786
   0.113204  0.520929
   0.145548  0.411339
   0.177892  0.287691
   0.210236  0.086746
   0.242580  0.179613
   0.274924  0.287072
   0.307268  0.321722
   0.339612  0.232461
   0.371956  0.157871
   0.404300  0.312584
   0.436644  0.475954
   0.468988  0.358049
   0.501332  0.400134
   0.533676  0.621326
   0.566020  0.940445
   0.598364  0.798770
   0.630708  0.608604
   0.663052  0.607188
   0.695396  0.855368
   0.727740  0.696104
   0.760084  0.971447
   0.792428  0.905359
   0.824772  1.300727
   0.857116  1.096135
   0.889460  1.579306
   0.921804  2.120647
   0.954148  1.938666
   0.986492  2.159130
   1.018836  3.181052
   1.051180  2.905783
   1.083524  2.976933
   1.115868  3.060511
   1.148212  3.048331
   1.180556  3.278843
   1.212900  3.134405
   1.245244  2.822939
   1.277588  2.305974
   1.309932  1.933856
   1.342276  2.270938
   1.374620  2.081099
   1.406964  2.202768
   1.439308  1.808320
   1.471652  1.637042
   1.503996  1.681863
   1.536340  1.766416
   1.568684  1.661449
   1.601028  1.729286
   1.633372  1.565773
   1.665716  1.717485
   1.698060  1.745643
   1.730404  2.007998
   1.762748  1.731084
   1.795092  1.909444
   1.827436  1.558722
   1.859780  1.513619
   1.892124  1.546552
   1.924468  1.603511
   1.956812  1.364352
   1.989156  1.389977
   2.021500  1.214891
   2.053844  1.025263
   2.086188  0.940809
   2.118532  1.266884
   2.150876  1.029905
   2.183220  0.923660
   2.215564  0.967418
   2.247908  0.896686
   2.280252  0.934818
   2.312596  0.905515
   2.344940  0.989229
   2.377284  1.018317
   2.409628  0.686520
   2.441972  0.771616
   2.474316  0.998502
   2.506660  0.819146
   2.539004  0.606962
   2.571348  0.533363
   2.603692  0.772197
   2.636036  0.971629
   2.668380  0.776318
   2.700724  0.685194
   2.733068  0.796380
   2.765412  0.891548
   2.797756  0.487338
   2.830100  0.571697
   2.862444  0.648732
   2.894788  0.558240
   2.927132  0.466274
   2.959476  0.454992
   2.991820  0.642946
   3.024164  0.728261
   3.056508  0.372324
   3.088852  0.731903
   3.121196  0.550639
   3.153540  0.462953
   3.185884  0.401878
   3.218228  0.463165
   3.250572  0.504840
   3.282916  0.306409
   3.315260  0.389630
   3.347604  0.556664
   3.379948  0.525485
   3.412292  0.599130
   3.444636  0.261497
   3.476980  0.330150
   3.509324  0.293731
   3.541668  0.635037
   3.574012  0.354420
   3.606356  0.245870
   3.638700  0.380084
   3.671044  0.601834
   3.703388  0.382878
   3.735732  0.398012
   3.768076  0.447524
   3.800420  0.420377
   3.832764  0.324767
   3.865108  0.369224
   3.897452  0.208712
   3.929796  0.519054
   3.962140  0.420231
   3.994484  0.423921
   4.026828  0.266252
   4.059172  0.381445
   4.091516  0.191471
   4.123860  0.154511
   4.156204  0.146241
   4.188548  0.303856
   4.220892  0.100478
   4.253236  0.244585
   4.285580  0.284385
   4.317924  0.444620
   4.350268  0.059250
   4.382612  0.225535
   4.414956  0.342248
   4.447300  0.542541
   4.479644  0.266476
   4.511988  0.257470
   4.544332  0.313513
   4.576676  0.171105
   4.609020  0.092778
   4.641364  0.232023
   4.673708  0.055364
   4.706052  0.161279
   4.738396  0.106192
   4.770740  0.229616
   4.803084  0.224899
   4.835428  0.049652
   4.867772  0.120762
   4.900116  0.225635
   4.932460  0.142183
   4.964804  0.329745
   4.997148  0.146510
   5.029492  0.245545
   5.061836  0.169712
   5.094180  0.333643
   5.126524  0.106929
   5.158868  0.103340
   5.191212  0.221737
   5.223556  0.180592
   5.255900 -0.108773
   5.288244  0.067982
   5.320588  0.236901
   5.352932  0.359591
   5.385276  0.033941
   5.417620 -0.003594
   5.449964  0.111283
   5.482308  0.329014
   5.514652  0.149393
   5.546996  0.132577
   5.579340  0.119998
   5.611684  0.121113
   5.644028 -0.124345
   5.676372 -0.036436
   5.708716  0.072034
   5.741060  0.258766
   5.773404 -0.025914
   5.805748 -0.030150
   5.838092 -0.113574
   5.870436  0.210981
   5.902780 -0.064831
   5.935124  0.149640
   5.967468  0.109958
   5.999812  0.256520
   6.032156 -0.191472
   6.064500 -0.078119
   6.096844 -0.046949
   6.129188  0.211824
   6.161532 -0.031811
   6.193876 -0.074461
   6.226220  0.049569
   6.258564  0.266592
   6.290908  0.151341
   6.323252  0.184982
   6.355596  0.041865
   6.387940  0.204170
   6.420284 -0.079556
   6.452628  0.215823
   6.484972  0.080204
   6.517316  0.017948
   6.549660  0.083618
   6.582004  0.132282
   6.614348  0.074669
   6.646692  0.183585
   6.679036  0.074280
   6.711380 -0.110173
   6.743724  0.001920
   6.776068  0.011798
   6.808412  0.016448
   6.840756 -0.012036
   6.873100  0.048561
   6.905444  0.186588
   6.937788 -0.046439
   6.970132  0.126611
   7.002476  0.052720
   7.034820  0.188391
   7.067164  0.040139
   7.099508  0.100723
   7.131852  0.010887
   7.164196 -0.037231
   7.196540  0.006930
   7.228884 -0.115221
   7.261228  0.125361
   7.293572  0.442802
   7.325916  0.016121
   7.358260  0.131017
   7.390604  0.061563
   7.422948  0.331771
   7.455292 -0.175466
   7.487636  0.056805
   7.519980  0.108852
   7.552324  0.246827
   7.584668 -0.030545
   7.617012  0.028822
   7.649356 -0.027522
   7.681700  0.040278
   7.714044 -0.196687
   7.746388 -0.002533
   7.778732  0.265230
   7.811076  0.103194
   7.843420  0.006610
   7.875764 -0.042679
   7.908108  0.072603
   7.940452  0.082165
   7.972796  0.012727
   8.005140 -0.018080
   8.037484 -0.000023
   8.069828  0.088003
   8.102172 -0.121068
   8.134516  0.147619
   8.166860  0.177006
   8.199204  0.099106
   8.231548 -0.186693
   8.263892  0.080098
   8.296236  0.024101
   8.328580  0.168342
   8.360924  0.024658
   8.393268 -0.001154
   8.425612  0.072603
   8.457956  0.149142
   8.490300  0.038016
   8.522644  0.206578
   8.554988  0.102081
   8.587332  0.085452
   8.619676  0.002151
   8.652020 -0.052441
   8.684364 -0.049172
   8.716708  0.127866
   8.749052 -0.095235
   8.781396  0.048906
   8.813740 -0.024418
   8.846084  0.162129
   8.878428 -0.094337
   8.910772 -0.108738
   8.943116 -0.076156
   8.975460 -0.067469
   9.007804 -0.127735
   9.040148 -0.097349
   9.072492  0.145488
   9.104836  0.241919
   9.137180 -0.033491
   9.169524 -0.107103
   9.201868  0.038697
   9.234212  0.081036
   9.266556  0.000072
   9.298900 -0.067655
   9.331244  0.028784
   9.363588  0.170277
   9.395932 -0.057690
   9.428276 -0.014174
   9.460620  0.130787
   9.492964  0.045503
   9.525308 -0.000440
   9.557652 -0.030851
   9.589996  0.122627
   9.622340  0.184568
   9.654684 -0.033806
   9.687028 -0.025506
   9.719372 -0.026531
   9.751716 -0.028492
   9.784060 -0.118587
   9.816404  0.030294
   9.848748  0.094370
   9.881092  0.021860
   9.913436  0.026843
   9.945780 -0.062591
   9.978124  0.019695
  10.010468  0.109792
  10.042812 -0.024828
  10.075156 -0.033211
  10.107500  0.076528
  10.139844  0.085612
  10.172188 -0.029763
  10.204532 -0.073606
  10.236876  0.054547
  10.269220  0.195807
  10.301564 -0.064841
  10.333908  0.130508
  10.366252 -0.002533
  10.398596  0.221035
  10.430940 -0.045755
  10.463284 -0.079556
  10.495628  0.187170
  10.527972  0.252799
  10.560316 -0.023695
  10.592660  0.046679
  10.625004 -0.044918
  10.657348  0.200637
  10.689692 -0.064790
  10.722036  0.062826
  10.754380  0.231365
  10.786724  0.214652
  10.819068  0.026451
  10.851412  0.086298
  10.883756  0.172539
  10.916100  0.368336
  10.948444  0.104684
  10.980788  0.299394
  11.013132  0.075587
  11.045476  0.215231
  11.077820 -0.110300
  11.110164  0.135412
  11.142508  0.159507
  11.174852  0.216900
  11.207196  0.050357
  11.239540  0.302439
  11.271884  0.215104
  11.304228  0.227607
  11.336572  0.070670
  11.368916  0.081129
  11.401260  0.301591
  11.433604  0.386201
  11.465948  0.139366
  11.498292  0.034388
  11.530636  0.212536
  11.562980  0.291335
  11.595324  0.167285
  11.627668  0.298566
  11.660012  0.252886
  11.692356  0.138308
  11.724700  0.046759
  11.757044  0.086221
  11.789388  0.106870
  11.821732  0.308282
  11.854076  0.145281
  11.886420  0.055145
  11.918764  0.027278
  11.951108  0.124312
  11.983452  0.088647
  12.015796  0.181572
  12.048140  0.227932
  12.080484  0.433227
  12.112828  0.171642
  12.145172  0.144654
  12.177516  0.242317
  12.209860  0.296983
  12.242204  0.201785
  12.274548  0.064369
  12.306892  0.189018
  12.339236  0.276564
  12.371580  0.238207
  12.403924  0.256010
  12.436268  0.337031
  12.468612  0.322290
  12.500956  0.106589
  12.533300  0.130194
  12.565644  0.163185
  12.597988  0.383785
  12.630332  0.241434
  12.662676  0.257395
  12.695020  0.181427
  12.727364  0.257618
  12.759708  0.100102
  12.792052  0.331917
  12.824396  0.221515
  12.856740  0.364870
  12.889084  0.011141
  12.921428  0.123635
  12.953772  0.262234
  12.986116  0.235149
  13.018460 -0.004232
  13.050804  0.301990
  13.083148  0.117707
  13.115492  0.297086
  13.147836  0.056887
  13.180180  0.185397
  13.212524  0.242633
  13.244868  0.310724
  13.277212 -0.001647
  13.309556  0.102416
  13.341900  0.118278
  13.374244  0.224405
  13.406588  0.063942
  13.438932  0.124495
  13.471276  0.254556
  13.503620  0.315874
  13.535964  0.126391
  13.568308  0.136220
  13.600652  0.230495
  13.632996  0.391765
  13.665340  0.109678
  13.697684  0.228024
  13.730028  0.271354
  13.762372  0.291196
  13.794716  0.009996
  13.827060  0.220872
  13.859404  0.325693
  13.891748  0.227798
  13.924092  0.101596
  13.956436 -0.022054
  13.988780  0.245472
  14.021124  0.077321
  14.053468  0.123221
  14.085812  0.162529
  14.118156  0.114133
  14.150500  0.347523
  14.182844  0.151332
  14.215188  0.211363
  14.247532  0.258677
  14.279876  0.384479
  14.312220  0.083373
  14.344564  0.260350
  14.376908  0.224002
  14.409252  0.364531
  14.441596  0.117531
  14.473940  0.328628
  14.506284  0.384517
  14.538628  0.271230
  14.570972  0.106974
  14.603316  0.140146
  14.635660  0.219158
  14.668004  0.157973
  14.700348  0.234892
  14.732692  0.182865
  14.765036  0.225569
  14.797380  0.309261
  14.829724  0.169145
  14.862068  0.042763
  14.894412  0.254286
  14.926756  0.404621
  14.959100  0.034707
  14.991444  0.127483
  15.023788  0.202915
  15.056132  0.228363
  15.088476  0.268071
  15.120820  0.121970
  15.153164  0.237140
  15.185508  0.271354
  15.217852  0.260262
  15.250196  0.296668
  15.282540  0.163330
  15.314884  0.284741
  15.347228 -0.016804
  15.379572  0.129763
  15.411916  0.137918
  15.444260  0.183329
  15.476604 -0.012162
  15.508948  0.229034
  15.541292  0.132725
  15.573636  0.207727
  15.605980  0.060034
  15.638324 -0.054323
  15.670668  0.399334
  15.703012  0.303383
  15.735356 -0.039224
  15.767700  0.172466
  15.800044  0.179672
  15.832388  0.323764
  15.864732  0.013236
  15.897076  0.165860
  15.929420  0.133813
  15.961764  0.470813
  15.994108  0.002074
  16.026452  0.161069
  16.058796  0.188889
  16.091140  0.179164
  16.123484 -0.004339
  16.155828  0.061757
  16.188172  0.166158
  16.220516  0.147593
  16.252860  0.212390
  16.285204  0.159534
  16.317548  0.253062
  16.349892  0.244762
  16.382236  0.162601
  16.414580  0.208994
  16.446924  0.315327
  16.479268  0.258765
  16.511612  0.055451
  16.543956  0.171172
  16.576300  0.210122
  16.608644  0.146539
  16.640988  0.169229
  16.673332  0.155537
  16.705676  0.252613
  16.738020  0.385302
  16.770364  0.216793
  16.802708  0.047974
  16.835052  0.367350
  16.867396  0.312891
  16.899740  0.212390
  16.932084  0.123789
  16.964428  0.129336
  16.996772  0.259316
  17.029116  0.119431
  17.061460  0.071466
  17.093804  0.156943
  17.126148  0.142183
  17.158492  0.061990
  17.190836  0.149039
  17.223180  0.130060
  17.255524  0.261737
  17.287868  0.121145
  17.320212  0.298016
  17.352556  0.163806
  17.384900  0.370746
  17.417244 -0.080142
  17.449588  0.135895
  17.481932  0.219370
  17.514276  0.305935
  17.546620  0.197261
  17.578964  0.107619
  17.611308  0.042258
  17.643652  0.331769
  17.675996  0.196226
  17.708340  0.274995
  17.740684  0.240993
  17.773028  0.461396
  17.805372  0.199943
  17.837716  0.234276
  17.870060  0.327230
  17.902404  0.408064
  17.934748  0.193403
  17.967092  0.114878
  17.999436  0.289698
  18.031780  0.366090
  18.064124  0.078148
  18.096468  0.067123
  18.128812  0.178972
  18.161156  0.426351
  18.193500  0.130376
  18.225844  0.352766
  18.258188  0.145327
  18.290532  0.235329
  18.322876  0.172640
  18.355220  0.199396
  18.387564  0.142756
  18.419908  0.375098
  18.452252  0.088166
  18.484596  0.186211
  18.516940  0.282628
  18.549284  0.278295
  18.581628  0.191837
  18.613972 -0.021896
  18.646316  0.355515
  18.678660  0.213390
  18.711004  0.095076
  18.743348  0.163295
  18.775692  0.158307
  18.808036  0.347263
  18.840380  0.191253
  18.872724  0.056017
  18.905068  0.180494
  18.937412  0.355566
  18.969756  0.155369
  19.002100  0.283070
  19.034444  0.099233
  19.066788  0.248721
  19.099132 -0.066859
  19.131476  0.189246
  19.163820  0.322605
  19.196164  0.380537
  19.228508  0.031358
  19.260852  0.161139
  19.293196  0.397494
  19.325540  0.281663
  19.357884  0.129628
  19.390228  0.166073
  19.422572  0.218829
  19.454916  0.385274
  19.487260  0.160075
  19.519604  0.180140
  19.551948  0.364520
  19.584292  0.301871
  19.616636  0.190135
  19.648980  0.161448
  19.681324  0.261336
  19.713668  0.329745
  19.746012 -0.019501
  19.778356  0.284181
  19.810700  0.249044
  19.843044  0.290963
  19.875388  0.160627
  19.907732  0.235820
  19.940076  0.122061
  19.972420  0.469818
  20.004764  0.088368
  20.037108  0.261047
  20.069452  0.048488
  20.101796  0.239293
  20.134140  0.184898
  20.166484  0.007978
  20.198828  0.225735
  20.231172  0.122130
  20.263516  0.072139
  20.295860  0.187363
  20.328204  0.375957
  20.360548  0.393905
  20.392892  0.215633
  20.425236  0.285576
  20.457580  0.333147
  20.489924  0.493014
  20.522268  0.275875
  20.554612  0.204666
  20.586956  0.197114
  20.619300  0.372805
  20.651644  0.067198
  20.683988  0.073270
  20.716332  0.208995
  20.748676  0.124526
  20.781020  0.024719
  20.813364  0.185002
  20.845708  0.243989
  20.878052  0.477132
  20.910396  0.138345
  20.942740  0.133984
  20.975084  0.128633
  21.007428  0.399522
  21.039772  0.005719
  21.072116  0.161612
  21.104460  0.071720
  21.136804  0.297393
  21.169148  0.112643
  21.201492  0.286970
  21.233836  0.094848
  21.266180  0.321106
  21.298524  0.230455
  21.330868  0.212345
  21.363212  0.268924
  21.395556  0.367411
  21.427900  0.221171
  21.460244  0.146211
  21.492588  0.200141
  21.524932  0.291780
  21.557276  0.264014
  21.589620  0.122481
  21.621964  0.205655
  21.654308  0.350792
  21.686652  0.028230
  21.718996  0.112057
  21.751340  0.161918
  21.783684  0.361721
  21.816028  0.107336
  21.848372  0.079637
  21.880716  0.129874
  21.913060  0.258332
  21.945404  0.143495
  21.977748  0.035309
  22.010092  0.155473
  22.042436  0.310733
  22.074780 -0.009807
  22.107124  0.139383
  22.139468  0.190210
  22.171812  0.362084
  22.204156  0.119732
  22.236500  0.100743
  22.268844  0.315138
  22.301188  0.312802
  22.333532  0.146519
  22.365876  0.257123
  22.398220  0.260204
  22.430564  0.308862
  22.462908  0.178443
  22.495252  0.178119
  22.527596  0.282714
  22.559940  0.271604
  22.592284  0.187386
  22.624628  0.181573
  22.656972  0.078613
  22.689316  0.381398
  22.721660  0.001767
  22.754004  0.159439
  22.786348  0.211674
  22.818692  0.381221
  22.851036  0.066914
  22.883380  0.089616
  22.915724  0.156210
  22.948068  0.225767
  22.980412  0.110162
  23.012756  0.171664
  23.045100  0.126191
  23.077444  0.445370
  23.109788  0.137256
  23.142132  0.148243
  23.174476  0.291085
  23.206820  0.317840
  23.239164  0.113002
  23.271508  0.098251
  23.303852  0.235511
  23.336196  0.244267
  23.368540  0.062399
  23.400884  0.293844
  23.433228  0.164851
  23.465572  0.109462
  23.497916 -0.069149
  23.530260  0.090018
  23.562604  0.323282
  23.594948  0.167206
  23.627292 -0.011092
  23.659636  0.118657
  23.691980  0.034626
  23.724324  0.194404
  23.756668  0.097100
  23.789012  0.106646
  23.821356  0.248572
  23.853700  0.339074
  23.886044  0.244886
  23.918388  0.188690
  23.950732  0.114698
  23.983076  0.219022
  24.015420  0.024049
  24.047764  0.047527
  24.080108  0.161776
  24.112452  0.187146
  24.144796 -0.069647
  24.177140 -0.002461
  24.209484  0.147597
  24.241828  0.251668
  24.274172  0.035131
  24.306516  0.231499
  24.338860  0.081733
  24.371204  0.260219
  24.403548 -0.002822
  24.435892  0.249488
  24.468236  0.159564
  24.500580  0.384331
  24.532924  0.055624
  24.565268  0.185211
  24.597612  0.180706
  24.629956  0.384050
  24.662300  0.062799
  24.694644  0.023617
  24.726988  0.191384
  24.759332  0.241815
  24.791676  0.069459
  24.824020  0.126957
  24.856364  0.121464
  24.888708  0.372624
  24.921052  0.142884
  24.953396  0.111681
  24.985740  0.244534
  25.018084  0.252388
  25.050428 -0.107338
  25.082772 -0.027031
  25.115116  0.210128
  25.147460  0.139555
  25.179804  0.184820
  25.212148  0.163822
  25.244492  0.168179
  25.276836  0.267161
  25.309180  0.107721
  25.341524  0.130399
  25.373868  0.129763
  25.406212  0.314020
  25.438556  0.048017
  25.470900  0.043341
  25.503244  0.142141
  25.535588  0.204191
  25.567932  0.000940
  25.600276  0.070195
  25.632620  0.225474
  25.664964  0.263131
  25.697308  0.223873
  25.729652  0.168258
  25.761996  0.199230
  25.794340  0.183226
  25.826684  0.147941
  25.859028  0.075172
  25.891372  0.217654
  25.923716  0.237140
  25.956060  0.038696
  25.988404  0.042109
  26.020748  0.237595
  26.053092  0.458380
  26.085436 -0.019268
  26.117780  0.015646
  26.150124  0.288622
  26.182468  0.121691
  26.214812  0.023949
  26.247156  0.153490
  26.279500  0.057847
  26.311844  0.185363
  26.344188  0.154478
  26.376532  0.100936
  26.408876  0.277554
  26.441220  0.237976
  26.473564  0.033663
  26.505908  0.015082
  26.538252  0.234461
  26.570596  0.255178
  26.602940 -0.030806
  26.635284  0.047415
  26.667628  0.292797
  26.699972  0.151626
  26.732316  0.091078
  26.764660  0.165633
  26.797004  0.224034
  26.829348  0.163913
  26.861692 -0.020873
  26.894036  0.168663
  26.926380  0.213234
  26.958724  0.151354
  26.991068 -0.020547
  27.023412  0.059332
  27.055756  0.235298
  27.088100  0.335869
  27.120444  0.028330
  27.152788  0.166887
  27.185132  0.144367
  27.217476  0.302621
  27.249820  0.034299
  27.282164  0.385892
  27.314508  0.056236
  27.346852  0.360622