 Eloss (eV)  Counts/s
 -38.845144 -0.136062
 -38.812800 -0.297558
 -38.780456 -0.091311
 -38.748112 -0.139871
 -38.715768  0.172527
 -38.683424 -0.153816
 -38.651080 -0.035719
 -38.618736 -0.207199
 -38.586392  0.046382
 -38.554048 -0.212616
 -38.521704 -0.090762
 -38.489360 -0.111662
 -38.457016  0.093291
 -38.424672 -0.133310
 -38.392328  0.018728
 -38.359984 -0.114068
 -38.327640 -0.018373
 -38.295296 -0.402743
 -38.262952 -0.096538
 -38.230608 -0.129843
 -38.198264  0.045781
 -38.165920 -0.189377
 -38.133576 -0.150599
 -38.101232 -0.142238
 -38.068888 -0.101898
 -38.036544 -0.182920
 -38.004200 -0.000554
 -37.971856 -0.146589
 -37.939512  0.043294
 -37.907168 -0.106868
 -37.874824 -0.193243
 -37.842480 -0.214405
 -37.810136  0.139633
 -37.777792 -0.166974
 -37.745448 -0.068687
 -37.713104 -0.155386
 -37.680760  0.102928
 -37.648416 -0.141374
 -37.616072 -0.186037
 -37.583728 -0.058403
 -37.551384  0.044970
 -37.519040 -0.178652
 -37.486696  0.047459
 -37.454352 -0.112029
 -37.422008 -0.045574
 -37.389664 -0.226891
 -37.357320 -0.170357
 -37.324976 -0.203683
 -37.292632 -0.004196
 -37.260288 -0.133541
 -37.227944 -0.105629
 -37.195600 -0.131445
 -37.163256  0.054370
 -37.130912 -0.231986
 -37.098568 -0.062592
 -37.066224 -0.065739
 -37.033880  0.043424
 -37.001536  0.043162
 -36.969192 -0.011299
 -36.936848  0.073568
 -36.904504  0.071152
 -36.872160 -0.287077
 -36.839816 -0.098482
 -36.807472 -0.147331
 -36.775128 -0.108210
 -36.742784 -0.130448
 -36.710440 -0.054777
 -36.678096 -0.093302
 -36.645752  0.105184
 -36.613408 -0.173632
 -36.581064 -0.235110
 -36.548720 -0.085656
 -36.516376 -0.051039
 -36.484032 -0.235360
 -36.451688 -0.179616
 -36.419344 -0.123232
 -36.387000  0.154151
 -36.354656 -0.238329
 -36.322312 -0.021989
 -36.289968 -0.057311
 -36.257624  0.092793
 -36.225280 -0.278587
 -36.192936 -0.090166
 -36.160592 -0.193936
 -36.128248  0.132068
 -36.095904 -0.139105
 -36.063560 -0.077885
 -36.031216 -0.031545
 -35.998872  0.028851
 -35.966528 -0.197685
 -35.934184 -0.056240
 -35.901840 -0.058374
 -35.869496  0.033926
 -35.837152 -0.226245
 -35.804808 -0.056935
 -35.772464 -0.113012
 -35.740120  0.031232
 -35.707776 -0.241456
 -35.675432 -0.083686
 -35.643088 -0.143059
 -35.610744 -0.030919
 -35.578400 -0.213746
 -35.546056 -0.189764
 -35.513712 -0.156768
 -35.481368  0.099163
 -35.449024 -0.284338
 -35.416680 -0.121729
 -35.384336  0.026591
 -35.351992 -0.025247
 -35.319648 -0.180538
 -35.287304 -0.057817
 -35.254960 -0.111553
 -35.222616  0.097645
 -35.190272 -0.169313
 -35.157928 -0.173819
 -35.125584 -0.041150
 -35.093240 -0.055310
 -35.060896 -0.093874
 -35.028552 -0.173271
 -34.996208 -0.149052
 -34.963864 -0.024557
 -34.931520 -0.214339
 -34.899176  0.030147
 -34.866832 -0.066178
 -34.834488  0.022066
 -34.802144 -0.318699
 -34.769800 -0.053842
 -34.737456 -0.295125
 -34.705112 -0.021924
 -34.672768 -0.290875
 -34.640424 -0.173186
 -34.608080 -0.167127
 -34.575736  0.087921
 -34.543392 -0.161046
 -34.511048 -0.107938
 -34.478704 -0.157465
 -34.446360  0.037604
 -34.414016 -0.130145
 -34.381672 -0.114785
 -34.349328 -0.132226
 -34.316984  0.025685
 -34.284640 -0.303309
 -34.252296 -0.142076
 -34.219952 -0.087923
 -34.187608  0.100478
 -34.155264 -0.162607
 -34.122920 -0.247314
 -34.090576 -0.148209
 -34.058232  0.019428
 -34.025888 -0.303603
 -33.993544 -0.115268
 -33.961200 -0.198021
 -33.928856 -0.025621
 -33.896512 -0.201195
 -33.864168 -0.080032
 -33.831824 -0.192846
 -33.799480  0.002624
 -33.767136 -0.143681
 -33.734792 -0.041224
 -33.702448 -0.222474
 -33.670104 -0.043400
 -33.637760 -0.236871
 -33.605416 -0.067575
 -33.573072 -0.090144
 -33.540728 -0.052085
 -33.508384 -0.093880
 -33.476040 -0.068687
 -33.443696 -0.243203
 -33.411352 -0.033812
 -33.379008 -0.201418
 -33.346664 -0.040445
 -33.314320 -0.178300
 -33.281976  0.068846
 -33.249632 -0.200740
 -33.217288 -0.150976
 -33.184944 -0.225897
 -33.152600  0.030760
 -33.120256 -0.150413
 -33.087912 -0.100494
 -33.055568 -0.110918
 -33.023224  0.019221
 -32.990880 -0.178875
 -32.958536 -0.043236
 -32.926192 -0.120472
 -32.893848  0.057327
 -32.861504 -0.214122
 -32.829160 -0.098014
 -32.796816 -0.190847
 -32.764472  0.123855
 -32.732128 -0.200286
 -32.699784 -0.142677
 -32.667440 -0.130370
 -32.635096  0.061682
 -32.602752 -0.251835
 -32.570408 -0.025941
 -32.538064 -0.155862
 -32.505720 -0.105392
 -32.473376 -0.221797
 -32.441032 -0.167540
 -32.408688 -0.187700
 -32.376344 -0.090468
 -32.344000 -0.287658
 -32.311656  0.005708
 -32.279312 -0.015401
 -32.246968 -0.091024
 -32.214624 -0.175998
 -32.182280 -0.114920
 -32.149936 -0.243152
 -32.117592  0.031101
 -32.085248 -0.260168
 -32.052904 -0.082535
 -32.020560 -0.186664
 -31.988216 -0.038344
 -31.955872 -0.220475
 -31.923528  0.007870
 -31.891184 -0.133842
 -31.858840  0.006986
 -31.826496 -0.232907
 -31.794152 -0.092431
 -31.761808 -0.141010
 -31.729464 -0.038798
 -31.697120 -0.099817
 -31.664776 -0.098940
 -31.632432 -0.134012
 -31.600088  0.178142
 -31.567744 -0.273303
 -31.535400 -0.227949
 -31.503056 -0.242074
 -31.470712  0.074414
 -31.438368 -0.214280
 -31.406024 -0.167375
 -31.373680 -0.142046
 -31.341336  0.011760
 -31.308992 -0.258363
 -31.276648 -0.148007
 -31.244304 -0.214555
 -31.211960  0.087488
 -31.179616 -0.324678
 -31.147272 -0.013147
 -31.114928 -0.058667
 -31.082584  0.138064
 -31.050240 -0.237289
 -31.017896 -0.050655
 -30.985552 -0.150031
 -30.953208  0.032348
 -30.920864 -0.187833
 -30.888520 -0.030557
 -30.856176 -0.105506
 -30.823832  0.083168
 -30.791488 -0.290816
 -30.759144 -0.201643
 -30.726800 -0.200626
 -30.694456  0.093801
 -30.662112 -0.198250
 -30.629768 -0.084818
 -30.597424 -0.096565
 -30.565080 -0.031912
 -30.532736 -0.297350
 -30.500392 -0.032751
 -30.468048 -0.123001
 -30.435704  0.056849
 -30.403360 -0.140535
 -30.371016 -0.083956
 -30.338672 -0.162264
 -30.306328 -0.081115
 -30.273984 -0.220917
 -30.241640 -0.130002
 -30.209296 -0.059774
 -30.176952  0.044678
 -30.144608 -0.193599
 -30.112264 -0.179961
 -30.079920 -0.228517
 -30.047576 -0.020712
 -30.015232 -0.238835
 -29.982888 -0.078037
 -29.950544 -0.184437
 -29.918200  0.052324
 -29.885856 -0.204658
 -29.853512 -0.047602
 -29.821168 -0.062117
 -29.788824  0.120282
 -29.756480 -0.070111
 -29.724136 -0.184437
 -29.691792 -0.110826
 -29.659448  0.146313
 -29.627104 -0.258865
 -29.594760 -0.095542
 -29.562416 -0.135354
 -29.530072  0.075183
 -29.497728 -0.165757
 -29.465384 -0.078584
 -29.433040 -0.236636
 -29.400696  0.125340
 -29.368352 -0.231775
 -29.336008 -0.122597
 -29.303664 -0.022625
 -29.271320 -0.095007
 -29.238976 -0.167619
 -29.206632 -0.103292
 -29.174288 -0.125340
 -29.141944  0.024892
 -29.109600 -0.119104
 -29.077256 -0.011146
 -29.044912  0.047596
 -29.012568  0.034063
 -28.980224 -0.204650
 -28.947880 -0.087919
 -28.915536 -0.106279
 -28.883192  0.060243
 -28.850848 -0.258618
 -28.818504 -0.092160
 -28.786160 -0.002154
 -28.753816  0.084919
 -28.721472 -0.222905
 -28.689128 -0.096298
 -28.656784 -0.032913
 -28.624440  0.108410
 -28.592096 -0.335401
 -28.559752 -0.092454
 -28.527408 -0.065923
 -28.495064 -0.065858
 -28.462720 -0.248934
 -28.430376 -0.134178
 -28.398032 -0.135332
 -28.365688  0.101989
 -28.333344 -0.197556
 -28.301000 -0.106359
 -28.268656 -0.088489
 -28.236312 -0.033501
 -28.203968 -0.177017
 -28.171624  0.038465
 -28.139280 -0.051257
 -28.106936 -0.030610
 -28.074592 -0.102417
 -28.042248 -0.099516
 -28.009904 -0.172861
 -27.977560  0.035171
 -27.945216 -0.235530
 -27.912872 -0.055675
 -27.880528 -0.181798
 -27.848184  0.071268
 -27.815840 -0.062759
 -27.783496 -0.146746
 -27.751152 -0.191923
 -27.718808  0.071715
 -27.686464 -0.172190
 -27.654120 -0.161695
 -27.621776 -0.105444
 -27.589432  0.084912
 -27.557088 -0.117820
 -27.524744  0.022467
 -27.492400 -0.035770
 -27.460056  0.122608
 -27.427712 -0.168749
 -27.395368 -0.045699
 -27.363024  0.063440
 -27.330680  0.143496
 -27.298336 -0.264407
 -27.265992 -0.042185
 -27.233648 -0.114541
 -27.201304  0.153174
 -27.168960 -0.178333
 -27.136616 -0.108148
 -27.104272 -0.108313
 -27.071928  0.193417
 -27.039584 -0.222713
 -27.007240 -0.009692
 -26.974896 -0.061924
 -26.942552  0.079945
 -26.910208 -0.328859
 -26.877864 -0.102604
 -26.845520 -0.150159
 -26.813176 -0.001616
 -26.780832 -0.205264
 -26.748488 -0.011714
 -26.716144 -0.027156
 -26.683800  0.149721
 -26.651456 -0.172236
 -26.619112  0.112961
 -26.586768 -0.119938
 -26.554424  0.063255
 -26.522080 -0.209686
 -26.489736  0.003843
 -26.457392 -0.130357
 -26.425048 -0.014180
 -26.392704 -0.193280
 -26.360360 -0.007985
 -26.328016 -0.165281
 -26.295672  0.028851
 -26.263328 -0.197118
 -26.230984  0.039437
 -26.198640 -0.115026
 -26.166296  0.101989
 -26.133952 -0.124662
 -26.101608 -0.006775
 -26.069264 -0.081986
 -26.036920  0.103883
 -26.004576 -0.138277
 -25.972232  0.033820
 -25.939888 -0.100107
 -25.907544 -0.002236
 -25.875200 -0.284837
 -25.842856 -0.041667
 -25.810512 -0.150850
 -25.778168  0.072554
 -25.745824 -0.212436
 -25.713480 -0.039737
 -25.681136 -0.088207
 -25.648792  0.282094
 -25.616448 -0.174156
 -25.584104 -0.024183
 -25.551760 -0.064908
 -25.519416  0.140478
 -25.487072 -0.230991
 -25.454728 -0.138070
 -25.422384 -0.115999
 -25.390040 -0.013634
 -25.357696 -0.120640
 -25.325352  0.072757
 -25.293008  0.009555
 -25.260664  0.181923
 -25.228320 -0.072055
 -25.195976  0.065761
 -25.163632 -0.032989
 -25.131288  0.254599
 -25.098944 -0.226752
 -25.066600 -0.005565
 -25.034256 -0.098762
 -25.001912  0.057981
 -24.969568 -0.140075
 -24.937224 -0.106265
 -24.904880 -0.023990
 -24.872536 -0.030194
 -24.840192 -0.175292
 -24.807848 -0.216921
 -24.775504 -0.153118
 -24.743160 -0.019216
 -24.710816 -0.110532
 -24.678472 -0.128134
 -24.646128 -0.090171
 -24.613784  0.039908
 -24.581440 -0.199947
 -24.549096  0.148172
 -24.516752 -0.108606
 -24.484408  0.094641
 -24.452064 -0.071776
 -24.419720  0.030654
 -24.387376 -0.166488
 -24.355032 -0.075061
 -24.322688 -0.121301
 -24.290344  0.072872
 -24.258000  0.059808
 -24.225656  0.000489
 -24.193312 -0.094657
 -24.160968 -0.166982
 -24.128624  0.025118
 -24.096280  0.036547
 -24.063936 -0.139914
 -24.031592 -0.063325
 -23.999248 -0.030329
 -23.966904 -0.047067
 -23.934560 -0.280283
 -23.902216 -0.050920
 -23.869872 -0.061949
 -23.837528  0.065914
 -23.805184 -0.176034
 -23.772840 -0.030667
 -23.740496 -0.042231
 -23.708152 -0.072864
 -23.675808 -0.160312
 -23.643464  0.022165
 -23.611120 -0.216027
 -23.578776  0.171976
 -23.546432 -0.153553
 -23.514088 -0.150599
 -23.481744 -0.028129
 -23.449400  0.087145
 -23.417056 -0.123231
 -23.384712 -0.060119
 -23.352368 -0.051714
 -23.320024  0.030794
 -23.287680 -0.117910
 -23.255336 -0.010461
 -23.222992 -0.060929
 -23.190648  0.176346
 -23.158304  0.056945
 -23.125960  0.119253
 -23.093616 -0.058205
 -23.061272  0.093052
 -23.028928 -0.065243
 -22.996584 -0.052867
 -22.964240 -0.109350
 -22.931896  0.181774
 -22.899552 -0.290251
 -22.867208 -0.015473
 -22.834864 -0.026193
 -22.802520  0.109466
 -22.770176 -0.203222
 -22.737832 -0.157017
 -22.705488 -0.109445
 -22.673144  0.061068
 -22.640800 -0.278406
 -22.608456 -0.042922
 -22.576112 -0.072372
 -22.543768  0.126703
 -22.511424 -0.239753
 -22.479080 -0.016987
 -22.446736 -0.067575
 -22.414392  0.134063
 -22.382048  0.385584
 -22.349704  0.012284
 -22.317360 -0.176034
 -22.285016  0.073280
 -22.252672 -0.106651
 -22.220328 -0.008235
 -22.187984  0.067865
 -22.155640  0.126646
 -22.123296  0.071106
 -22.090952  0.190489
 -22.058608 -0.016282
 -22.026264  0.165858
 -21.993920 -0.163398
 -21.961576  0.005245
 -21.929232  0.058192
 -21.896888  0.064422
 -21.864544 -0.094141
 -21.832200 -0.055408
 -21.799856 -0.021045
 -21.767512  0.038054
 -21.735168 -0.119386
 -21.702824 -0.038491
 -21.670480 -0.162777
 -21.638136  0.094886
 -21.605792 -0.077184
 -21.573448 -0.028575
 -21.541104 -0.044359
 -21.508760  0.133468
 -21.476416 -0.092164
 -21.444072  0.050297
 -21.411728 -0.002803
 -21.379384  0.090829
 -21.347040 -0.121836
 -21.314696 -0.169315
 -21.282352  0.041780
 -21.250008  0.132775
 -21.217664 -0.251232
 -21.185320  0.032946
 -21.152976 -0.232464
 -21.120632  0.080646
 -21.088288  0.016514
 -21.055944 -0.139152
 -21.023600 -0.021793
 -20.991256  0.095389
 -20.958912 -0.225330
 -20.926568 -0.033663
 -20.894224 -0.089338
 -20.861880  0.133295
 -20.829536 -0.003947
 -20.797192  0.018586
 -20.764848 -0.021569
 -20.732504  0.158342
 -20.700160 -0.126396
 -20.667816 -0.179909
 -20.635472 -0.054376
 -20.603128  0.147743
 -20.570784 -0.266611
 -20.538440 -0.093010
 -20.506096 -0.033609
 -20.473752  0.101800
 -20.441408 -0.241088
 -20.409064 -0.081147
 -20.376720 -0.015226
 -20.344376  0.069928
 -20.312032 -0.077195
 -20.279688  0.102553
 -20.247344  0.028698
 -20.215000  0.202181
 -20.182656 -0.207199
 -20.150312 -0.039737
 -20.117968  0.097872
 -20.085624  0.230914
 -20.053280 -0.026880
 -20.020936  0.049639
 -19.988592 -0.032001
 -19.956248  0.128184
 -19.923904 -0.030043
 -19.891560  0.067665
 -19.859216 -0.052845
 -19.826872  0.119100
 -19.794528 -0.152609
 -19.762184  0.074575
 -19.729840 -0.316047
 -19.697496  0.235656
 -19.665152 -0.018169
 -19.632808  0.037047
 -19.600464 -0.178867
 -19.568120  0.111641
 -19.535776 -0.198927
 -19.503432  0.015538
 -19.471088  0.009487
 -19.438744  0.098206
 -19.406400 -0.237318
 -19.374056  0.044856
 -19.341712  0.060667
 -19.309368  0.140481
 -19.277024 -0.146315
 -19.244680 -0.005966
 -19.212336  0.128554
 -19.179992  0.131512
 -19.147648 -0.191432
 -19.115304  0.004298
 -19.082960 -0.057402
 -19.050616  0.112545
 -19.018272 -0.044578
 -18.985928  0.075424
 -18.953584  0.011050
 -18.921240  0.117995
 -18.888896 -0.166724
 -18.856552 -0.108647
 -18.824208 -0.078306
 -18.791864  0.155119
 -18.759520 -0.052776
 -18.727176  0.025346
 -18.694832 -0.116568
 -18.662488 -0.012824
 -18.630144 -0.087641
 -18.597800 -0.009976
 -18.565456  0.067972
 -18.533112  0.143858
 -18.500768 -0.171585
 -18.468424  0.095024
 -18.436080  0.044599
 -18.403736  0.016410
 -18.371392 -0.137047
 -18.339048  0.042512
 -18.306704  0.069567
 -18.274360  0.256523
 -18.242016 -0.009924
 -18.209672  0.027155
 -18.177328  0.054652
 -18.144984  0.219249
 -18.112640 -0.188133
 -18.080296 -0.107706
 -18.047952 -0.084804
 -18.015608  0.052676
 -17.983264 -0.085660
 -17.950920 -0.001016
 -17.918576  0.051421
 -17.886232  0.170586
 -17.853888 -0.087074
 -17.821544  0.075951
 -17.789200 -0.118414
 -17.756856  0.183017
 -17.724512 -0.185277
 -17.692168 -0.055044
 -17.659824 -0.111143
 -17.627480  0.121413
 -17.595136  0.044155
 -17.562792  0.131032
 -17.530448  0.001442
 -17.498104  0.051396
 -17.465760 -0.106631
 -17.433416  0.007174
 -17.401072 -0.012536
 -17.368728  0.074620
 -17.336384 -0.215535
 -17.304040 -0.025933
 -17.271696 -0.107492
 -17.239352 -0.036335
 -17.207008 -0.245149
 -17.174664  0.023638
 -17.142320 -0.046884
 -17.109976  0.220073
 -17.077632 -0.113055
 -17.045288  0.089893
 -17.012944 -0.015339
 -16.980600 -0.013018
 -16.948256 -0.163157
 -16.915912 -0.017228
 -16.883568  0.011922
 -16.851224  0.113476
 -16.818880 -0.170203
 -16.786536  0.003018
 -16.754192 -0.070128
 -16.721848  0.249740
 -16.689504 -0.099817
 -16.657160  0.096727
 -16.624816  0.038748
 -16.592472  0.070227
 -16.560128 -0.028711
 -16.527784 -0.029221
 -16.495440 -0.053479
 -16.463096  0.110600
 -16.430752 -0.154818
 -16.398408 -0.073847
 -16.366064  0.009059
 -16.333720  0.124775
 -16.301376 -0.091580
 -16.269032  0.033273
 -16.236688  0.078380
 -16.204344 -0.003214
 -16.172000 -0.093842
 -16.139656  0.087621
 -16.107312  0.042683
 -16.074968  0.297574
 -16.042624 -0.110283
 -16.010280  0.135851
 -15.977936  0.010327
 -15.945592  0.105194
 -15.913248 -0.088493
 -15.880904 -0.061924
 -15.848560  0.044987
 -15.816216  0.094280
 -15.783872 -0.206171
 -15.751528 -0.050168
 -15.719184  0.006655
 -15.686840  0.019238
 -15.654496 -0.103798
 -15.622152  0.019803
 -15.589808 -0.098375
 -15.557464  0.144443
 -15.525120 -0.111344
 -15.492776  0.015948
 -15.460432 -0.034121
 -15.428088  0.122158
 -15.395744 -0.139460
 -15.363400 -0.064386
 -15.331056  0.050263
 -15.298712  0.130467
 -15.266368 -0.031458
 -15.234024 -0.011846
 -15.201680 -0.060416
 -15.169336  0.150433
 -15.136992 -0.075717
 -15.104648 -0.063151
 -15.072304 -0.101598
 -15.039960  0.168415
 -15.007616 -0.208770
 -14.975272  0.065232
 -14.942928 -0.149470
 -14.910584  0.186516
 -14.878240 -0.039515
 -14.845896  0.136587
 -14.813552 -0.111298
 -14.781208  0.163729
 -14.748864 -0.139408
 -14.716520  0.035539
 -14.684176 -0.044095
 -14.651832  0.222944
 -14.619488  0.022969
 -14.587144 -0.060605
 -14.554800 -0.095279
 -14.522456  0.200770
 -14.490112 -0.122842
 -14.457768  0.020248
 -14.425424 -0.112029
 -14.393080  0.210807
 -14.360736 -0.052810
 -14.328392  0.006232
 -14.296048  0.060248
 -14.263704  0.144213
 -14.231360 -0.140488
 -14.199016 -0.026376
 -14.166672 -0.041996
 -14.134328  0.288357
 -14.101984 -0.116225
 -14.069640  0.076354
 -14.037296  0.082631
 -14.004952  0.071625
 -13.972608 -0.203337
 -13.940264  0.022413
 -13.907920  0.018884
 -13.875576  0.099179
 -13.843232 -0.206053
 -13.810888  0.047327
 -13.778544 -0.059662
 -13.746200  0.022740
 -13.713856 -0.225622
 -13.681512 -0.013560
 -13.649168  0.054582
 -13.616824  0.200770
 -13.584480 -0.127225
 -13.552136 -0.031091
 -13.519792  0.066228
 -13.487448  0.146674
 -13.455104 -0.137012
 -13.422760 -0.073834
 -13.390416  0.094844
 -13.358072  0.184558
 -13.325728 -0.161302
 -13.293384  0.048180
 -13.261040 -0.101488
 -13.228696  0.135337
 -13.196352 -0.124736
 -13.164008  0.022174
 -13.131664 -0.034165
 -13.099320  0.224911
 -13.066976 -0.142930
 -13.034632  0.010717
 -13.002288 -0.022760
 -12.969944  0.015639
 -12.937600 -0.041530
 -12.905256  0.035498
 -12.872912  0.055208
 -12.840568  0.027256
 -12.808224 -0.141299
 -12.775880  0.032007
 -12.743536 -0.251961
 -12.711192  0.135780
 -12.678848  0.022977
 -12.646504  0.070227
 -12.614160  0.036450
 -12.581816  0.109729
 -12.549472 -0.198243
 -12.517128  0.037086
 -12.484784 -0.122771
 -12.452440  0.209972
 -12.420096 -0.069766
 -12.387752  0.091042
 -12.355408  0.082331
 -12.323064  0.041858
 -12.290720 -0.050168
 -12.258376  0.072466
 -12.226032 -0.016282
 -12.193688  0.112375
 -12.161344 -0.151222
 -12.129000  0.153834
 -12.096656 -0.011022
 -12.064312  0.218554
 -12.031968 -0.009124
 -11.999624  0.031337
 -11.967280  0.227082
 -11.934936  0.185200
 -11.902592 -0.152415
 -11.870248 -0.062808
 -11.837904 -0.107452
 -11.805560  0.107246
 -11.773216 -0.198582
 -11.740872  0.088269
 -11.708528 -0.100741
 -11.676184  0.084467
 -11.643840 -0.108585
 -11.611496  0.108392
 -11.579152 -0.088207
 -11.546808  0.091234
 -11.514464 -0.165494
 -11.482120  0.089701
 -11.449776 -0.019194
 -11.417432  0.195952
 -11.385088 -0.161428
 -11.352744  0.132209
 -11.320400 -0.065987
 -11.288056  0.184218
 -11.255712 -0.036637
 -11.223368 -0.135166
 -11.191024  0.022530
 -11.158680  0.189047
 -11.126336  0.074342
 -11.093992  0.223523
 -11.061648 -0.087077
 -11.029304  0.316763
 -10.996960 -0.139049
 -10.964616 -0.002841
 -10.932272  0.024788
 -10.899928  0.065922
 -10.867584 -0.050920
 -10.835240  0.046382
 -10.802896 -0.161479
 -10.770552  0.130165
 -10.738208 -0.009457
 -10.705864  0.051771
 -10.673520  0.130906
 -10.641176  0.337564
 -10.608832 -0.072996
 -10.576488  0.050340
 -10.544144 -0.014938
 -10.511800  0.125379
 -10.479456 -0.141140
 -10.447112  0.027155
 -10.414768  0.077520
 -10.382424  0.258482
 -10.350080 -0.084547
 -10.317736  0.027806
 -10.285392  0.113840
 -10.253048  0.125267
 -10.220704 -0.138636
 -10.188360 -0.081167
 -10.156016  0.025118
 -10.123672  0.228160
 -10.091328  0.034586
 -10.058984  0.099155
 -10.026640  0.113144
  -9.994296  0.108206
  -9.961952 -0.079132
  -9.929608  0.030110
  -9.897264  0.106890
  -9.864920 -0.066237
  -9.832576 -0.109401
  -9.800232 -0.031058
  -9.767888 -0.125868
  -9.735544  0.125693
  -9.703200 -0.127331
  -9.670856 -0.010090
  -9.638512 -0.091615
  -9.606168  0.043902
  -9.573824 -0.111711
  -9.541480 -0.009769
  -9.509136 -0.005969
  -9.476792  0.132157
  -9.444448 -0.126865
  -9.412104  0.125171
  -9.379760 -0.009481
  -9.347416 -0.003351
  -9.315072 -0.087362
  -9.282728  0.052423
  -9.250384 -0.101013
  -9.218040  0.175760
  -9.185696 -0.091322
  -9.153352 -0.116395
  -9.121008 -0.099564
  -9.088664  0.221508
  -9.056320 -0.008714
  -9.023976 -0.107452
  -8.991632  0.078485
  -8.959288  0.203563
  -8.926944 -0.018306
  -8.894600  0.085598
  -8.862256 -0.041744
  -8.829912  0.172592
  -8.797568 -0.091047
  -8.765224 -0.040917
  -8.732880  0.051823
  -8.700536  0.162761
  -8.668192 -0.141915
  -8.635848  0.031812
  -8.603504 -0.032983
  -8.571160  0.198213
  -8.538816 -0.081512
  -8.506472  0.111818
  -8.474128 -0.000755
  -8.441784  0.131816
  -8.409440 -0.153987
  -8.377096 -0.132880
  -8.344752 -0.089346
  -8.312408  0.194966
  -8.280064 -0.086223
  -8.247720  0.032214
  -8.215376  0.136686
  -8.183032  0.186620
  -8.150688 -0.046318
  -8.118344  0.002691
  -8.086000 -0.033758
  -8.053656  0.233831
  -8.021312 -0.086802
  -7.988968 -0.033951
  -7.956624 -0.072462
  -7.924280  0.096887
  -7.891936 -0.071759
  -7.859592  0.085645
  -7.827248  0.099208
  -7.794904  0.205543
  -7.762560 -0.149908
  -7.730216  0.116684
  -7.697872 -0.073439
  -7.665528  0.093191
  -7.633184  0.048501
  -7.600840 -0.024431
  -7.568496  0.016077
  -7.536152  0.107455
  -7.503808 -0.071033
  -7.471464 -0.091905
  -7.439120  0.030901
  -7.406776 -0.015144
  -7.374432 -0.127423
  -7.342088  0.061448
  -7.309744 -0.023420
  -7.277400  0.155523
  -7.245056 -0.024368
  -7.212712  0.052955
  -7.180368 -0.054277
  -7.148024  0.095954
  -7.115680 -0.094734
  -7.083336  0.129835
  -7.050992  0.077793
  -7.018648  0.159011
  -6.986304 -0.111933
  -6.953960  0.031232
  -6.921616 -0.127002
  -6.889272  0.180821
  -6.856928 -0.032111
  -6.824584  0.045025
  -6.792240 -0.115619
  -6.759896  0.052602
  -6.727552 -0.119607
  -6.695208  0.011321
  -6.662864  0.071625
  -6.630520  0.194689
  -6.598176 -0.139307
  -6.565832  0.032827
  -6.533488 -0.098740
  -6.501144  0.245202
  -6.468800 -0.023928
  -6.436456  0.140255
  -6.404112 -0.057490
  -6.371768  0.086728
  -6.339424  0.011986
  -6.307080 -0.098396
  -6.274736  0.070558
  -6.242392  0.237034
  -6.210048 -0.007645
  -6.177704  0.116755
  -6.145360  0.021695
  -6.113016  0.291336
  -6.080672 -0.107492
  -6.048328  0.013218
  -6.015984  0.199346
  -5.983640  0.288971
  -5.951296 -0.044448
  -5.918952  0.148667
  -5.886608  0.000309
  -5.854264  0.125763
  -5.821920  0.042205
  -5.789576 -0.251069
  -5.757232 -0.125340
  -5.724888  0.142010
  -5.692544 -0.184086
  -5.660200  0.027049
  -5.627856 -0.078103
  -5.595512 -0.104024
  -5.563168 -0.102634
  -5.530824 -0.053145
  -5.498480 -0.054537
  -5.466136 -0.133264
  -5.433792 -0.162235
  -5.401448 -0.070933
  -5.369104 -0.154569
  -5.336760 -0.011883
  -5.304416 -0.191969
  -5.272072 -0.134577
  -5.239728 -0.102604
  -5.207384  0.071715
  -5.175040 -0.187933
  -5.142696 -0.027312
  -5.110352 -0.091556
  -5.078008  0.231887
  -5.045664 -0.168590
  -5.013320 -0.041150
  -4.980976 -0.189633
  -4.948632  0.125551
  -4.916288 -0.136999
  -4.883944 -0.052948
  -4.851600 -0.089337
  -4.819256  0.190136
  -4.786912 -0.233487
  -4.754568 -0.192131
  -4.722224 -0.138843
  -4.689880  0.037555
  -4.657536 -0.045448
  -4.625192 -0.171678
  -4.592848 -0.080861
  -4.560504  0.050126
  -4.528160 -0.192339
  -4.495816 -0.126660
  -4.463472 -0.112448
  -4.431128  0.028280
  -4.398784 -0.122575
  -4.366440  0.004207
  -4.334096 -0.112793
  -4.301752  0.117273
  -4.269408 -0.245271
  -4.237064 -0.136517
  -4.204720 -0.070540
  -4.172376  0.117384
  -4.140032 -0.302368
  -4.107688 -0.050313
  -4.075344 -0.222468
  -4.043000  0.148877
  -4.010656 -0.098396
  -3.978312  0.011518
  -3.945968 -0.008235
  -3.913624  0.079876
  -3.881280 -0.032641
  -3.848936  0.066273
  -3.816592  0.045119
  -3.784248  0.057271
  -3.751904 -0.047026
  -3.719560 -0.044882
  -3.687216 -0.064161
  -3.654872  0.196520
  -3.622528 -0.134811
  -3.590184 -0.012015
  -3.557840 -0.033151
  -3.525496  0.022184
  -3.493152 -0.161647
  -3.460808  0.060186
  -3.428464  0.007647
  -3.396120  0.104806
  -3.363776 -0.232062
  -3.331432 -0.112843
  -3.299088  0.042076
  -3.266744  0.371086
  -3.234400 -0.066759
  -3.202056  0.114989
  -3.169712  0.030002
  -3.137368  0.199492
  -3.105024 -0.223411
  -3.072680  0.022242
  -3.040336 -0.039975
  -3.007992  0.043598
  -2.975648 -0.050318
  -2.943304  0.006045
  -2.910960  0.065984
  -2.878616  0.088698
  -2.846272 -0.081414
  -2.813928 -0.003224
  -2.781584 -0.028711
  -2.749240  0.261142
  -2.716896 -0.174879
  -2.684552  0.018920
  -2.652208  0.014018
  -2.619864  0.203907
  -2.587520 -0.130793
  -2.555176 -0.075824
  -2.522832 -0.014518
  -2.490488  0.013684
  -2.458144 -0.095573
  -2.425800  0.006655
  -2.393456 -0.031203
  -2.361112  0.158840
  -2.328768  0.006089
  -2.296424  0.019009
  -2.264080 -0.045635
  -2.231736  0.137968
  -2.199392 -0.197802
  -2.167048  0.058774
  -2.134704 -0.021662
  -2.102360  0.160206
  -2.070016 -0.058474
  -2.037672  0.090879
  -2.005328  0.073034
  -1.972984  0.103875
  -1.940640 -0.070608
  -1.908296  0.102555
  -1.875952 -0.037728
  -1.843608  0.246866
  -1.811264 -0.040611
  -1.778920 -0.070676
  -1.746576  0.001231
  -1.714232  0.039596
  -1.681888 -0.259434
  -1.649544 -0.091876
  -1.617200  0.136535
  -1.584856  0.162849
  -1.552512 -0.064952
  -1.520168  0.002183
  -1.487824 -0.012600
  -1.455480  0.238651
  -1.423136 -0.167698
  -1.390792 -0.080296
  -1.358448 -0.133096
  -1.326104  0.087272
  -1.293760 -0.246591
  -1.261416 -0.058590
  -1.229072 -0.039477
  -1.196728  0.022851
  -1.164384 -0.052948
  -1.132040 -0.119339
  -1.099696  0.007738
  -1.067352  0.055146
  -1.035008 -0.093284
  -1.002664  0.114619
  -0.970320 -0.130137
  -0.937976  0.047244
  -0.905632 -0.063300
  -0.873288 -0.109414
  -0.840944 -0.137405
  -0.808600  0.327386
  -0.776256 -0.353197
  -0.743912 -0.026315
  -0.711568 -0.068706
  -0.679224  0.102918
  -0.646880 -0.147318
  -0.614536  0.031349
  -0.582192 -0.096966
  -0.549848  0.163214
  -0.517504  0.038937
  -0.485160 -0.150536
  -0.452816 -0.000468
  -0.420472  0.037928
  -0.388128 -0.070608
  -0.355784 -0.062513
  -0.323440 -0.051329
  -0.291096 -0.021162
  -0.258752 -0.154935
  -0.226408  0.030335
  -0.194064 -0.033245
  -0.161720  0.257554
  -0.129376  0.465351
  -0.097032  1.405016
  -0.064688  2.601060
  -0.032344  4.964802
   0.000000  5.685580
   0.032344  4.875386
   0.064688  3.712919
   0.097032  2.346977
   0.129376  1.507195
   0.161720  0.780693
   0.194064  0.346488
   0.226408  0.475579
   0.258752  0.163940
   0.291096  0.168983
   0.323440  0.237968
   0.355784  0.640140
   0.388128  0.196236
   0.420472  0.392333
   0.452816  0.485785
   0.485160  0.620209
   0.517504  0.464224
   0.549848  0.661613
   0.582192  0.699437
   0.614536  0.971054
   0.646880  0.801844
   0.679224  1.045058
   0.711568  0.832822
   0.743912  1.236551
   0.776256  1.193854
   0.808600  1.881288
   0.840944  2.194674
   0.873288  2.339448
   0.905632  2.990485
   0.937976  5.016658
   0.970320  5.729979
   1.002664  7.327551
   1.035008  8.556255
   1.067352  9.686394
   1.099696 10.325304
   1.132040 10.791516
   1.164384 10.331506
   1.196728 10.074605
   1.229072  8.262906
   1.261416  7.317481
   1.293760  6.161680
   1.326104  5.263073
   1.358448  4.094171
   1.390792  2.984927
   1.423136  2.199873
   1.455480  2.320116
   1.487824  2.698673
   1.520168  3.198708
   1.552512  2.909792
   1.584856  3.271234
   1.617200  3.904591
   1.649544  4.219257
   1.681888  4.507664
   1.714232  4.971086
   1.746576  4.975162
   1.778920  5.385696
   1.811264  5.377072
   1.843608  4.976486
   1.875952  4.270832
   1.908296  3.471315
   1.940640  2.892590
   1.972984  2.611241
   2.005328  2.290809
   2.037672  2.531283
   2.070016  2.225576
   2.102360  2.079161
   2.134704  2.280159
   2.167048  1.894404
   2.199392  1.850670
   2.231736  1.674016
   2.264080  1.586809
   2.296424  2.019492
   2.328768  1.454370
   2.361112  1.469065
   2.393456  1.759506
   2.425800  2.162792
   2.458144  1.565577
   2.490488  2.069373
   2.522832  2.170075
   2.555176  2.104946
   2.587520  1.912664
   2.619864  2.024604
   2.652208  2.186237
   2.684552  1.888708
   2.716896  1.492480
   2.749240  1.859097
   2.781584  2.144895
   2.813928  2.289848
   2.846272  1.649148
   2.878616  1.807234
   2.910960  1.641224
   2.943304  1.844193
   2.975648  1.796039
   3.007992  2.051876
   3.040336  1.674834
   3.072680  1.801853
   3.105024  1.110185
   3.137368  0.705391
   3.169712  0.802832
   3.202056  1.149161
   3.234400  0.999303
   3.266744  1.301192
   3.299088  1.069053
   3.331432  1.400201
   3.363776  1.102671
   3.396120  1.123159
   3.428464  1.359828
   3.460808  1.501811
   3.493152  0.954423
   3.525496  1.324656
   3.557840  1.081932
   3.590184  1.193141
   3.622528  0.932377
   3.654872  1.164595
   3.687216  1.134564
   3.719560  1.021692
   3.751904  0.740632
   3.784248  0.809827
   3.816592  0.844199
   3.848936  0.978457
   3.881280  1.058374
   3.913624  1.105777
   3.945968  0.861077
   3.978312  1.091056
   4.010656  0.721199
   4.043000  0.680699
   4.075344  0.755473
   4.107688  0.868048
   4.140032  0.593888
   4.172376  0.809990
   4.204720  0.650101
   4.237064  0.729532
   4.269408  0.496032
   4.301752  0.591282
   4.334096  0.337110
   4.366440  0.493153
   4.398784  0.284728
   4.431128  0.426798
   4.463472  0.405662
   4.495816  0.415356
   4.528160  0.242791
   4.560504  0.399696
   4.592848  0.328064
   4.625192  0.375699
   4.657536  0.305333
   4.689880  0.528585
   4.722224  0.405624
   4.754568  0.311405
   4.786912  0.098033
   4.819256  0.287933
   4.851600  0.446667
   4.883944  0.583704
   4.916288  0.463409
   4.948632  0.198500
   4.980976  0.290296
   5.013320  0.510757
   5.045664  0.309081
   5.078008  0.345369
   5.110352  0.369056
   5.142696  0.343440
   5.175040  0.094641
   5.207384  0.224368
   5.239728  0.159579
   5.272072  0.566929
   5.304416  0.209708
   5.336760  0.256076
   5.369104  0.255808
   5.401448  0.503868
   5.433792  0.050953
   5.466136  0.268908
   5.498480  0.320974
   5.530824  0.387235
   5.563168  0.233781
   5.595512  0.164535
   5.627856  0.200476
   5.660200  0.288971
   5.692544  0.060225
   5.724888  0.147977
   5.757232  0.214103
   5.789576  0.279967
   5.821920  0.157301
   5.854264  0.233881
   5.886608  0.156493
   5.918952  0.163531
   5.951296  0.046397
   5.983640  0.249175
   6.015984  0.289059
   6.048328  0.356529
   6.080672  0.155523
   6.113016  0.210294
   6.145360  0.209810
   6.177704  0.327233
   6.210048  0.142360
   6.242392  0.160540
   6.274736  0.077484
   6.307080  0.208521
   6.339424  0.021718
   6.371768  0.346966
   6.404112  0.165852
   6.436456  0.521943
   6.468800  0.077287
   6.501144  0.209607
   6.533488  0.312668
   6.565832  0.384949
   6.598176 -0.136466
   6.630520  0.243212
   6.662864  0.120803
   6.695208  0.151466
   6.727552 -0.020812
   6.759896  0.148199
   6.792240 -0.003907
   6.824584  0.291062
   6.856928  0.250354
   6.889272  0.201257
   6.921616  0.094192
   6.953960  0.344626
   6.986304  0.025803
   7.018648  0.255141
   7.050992  0.245074
   7.083336  0.183285
   7.115680  0.005153
   7.148024  0.125128
   7.180368  0.053241
   7.212712  0.249037
   7.245056  0.030570
   7.277400  0.001231
   7.309744  0.007127
   7.342088  0.220156
   7.374432 -0.049752
   7.406776  0.322095
   7.439120  0.054158
   7.471464  0.185597
   7.503808 -0.018375
   7.536152  0.045072
   7.568496  0.211343
   7.600840  0.308393
   7.633184  0.005100
   7.665528  0.091770
   7.697872 -0.015082
   7.730216  0.077886
   7.762560 -0.046180
   7.794904  0.039095
   7.827248 -0.006928
   7.859592  0.049794
   7.891936 -0.031561
   7.924280  0.189410
   7.956624  0.138242
   7.988968  0.179809
   8.021312  0.201950
   8.053656  0.167165
   8.086000  0.046132
   8.118344  0.220637
   8.150688 -0.104040
   8.183032 -0.032057
   8.215376 -0.188532
   8.247720  0.227275
   8.280064 -0.171251
   8.312408 -0.038911
   8.344752  0.047917
   8.377096  0.214537
   8.409440 -0.161156
   8.441784 -0.037519
   8.474128 -0.020795
   8.506472  0.244211
   8.538816 -0.048808
   8.571160  0.049346
   8.603504  0.031349
   8.635848  0.241925
   8.668192 -0.042266
   8.700536  0.193438
   8.732880  0.061381
   8.765224  0.189032
   8.797568  0.005895
   8.829912 -0.018126
   8.862256 -0.048891
   8.894600  0.117611
   8.926944  0.077447
   8.959288 -0.046581
   8.991632  0.098830
   9.023976  0.205372
   9.056320 -0.082581
   9.088664  0.089397
   9.121008 -0.014590
   9.153352  0.240881
   9.185696 -0.173649
   9.218040  0.009787
   9.250384  0.074778
   9.282728  0.213936
   9.315072 -0.228667
   9.347416  0.042335
   9.379760 -0.186676
   9.412104  0.080279
   9.444448  0.013282
   9.476792  0.082302
   9.509136  0.074698
   9.541480  0.093679
   9.573824 -0.155500
   9.606168  0.068740
   9.638512 -0.093848
   9.670856  0.172650
   9.703200 -0.061524
   9.735544  0.104401
   9.767888 -0.113296
   9.800232  0.007883
   9.832576 -0.201870
   9.864920 -0.020830
   9.897264 -0.074911
   9.929608  0.105928
   9.961952 -0.192927
   9.994296 -0.057025
  10.026640 -0.029373
  10.058984  0.109370
  10.091328 -0.098996
  10.123672  0.013521
  10.156016 -0.070367
  10.188360  0.236510
  10.220704 -0.145967
  10.253048  0.052240
  10.285392  0.082287
  10.317736  0.201531
  10.350080 -0.036733
  10.382424  0.127109
  10.414768 -0.084257
  10.447112  0.087075
  10.479456 -0.160127
  10.511800  0.083364
  10.544144 -0.059310
  10.576488  0.160859
  10.608832 -0.102330
  10.641176 -0.009359
  10.673520 -0.164058
  10.705864  0.144674
  10.738208 -0.057550
  10.770552  0.065815
  10.802896  0.141385
  10.835240  0.210159
  10.867584  0.066381
  10.899928  0.082941
  10.932272 -0.040657
  10.964616  0.180703
  10.996960  0.131337
  11.029304  0.118740
  11.061648  0.088599
  11.093992  0.316853
  11.126336  0.143541
  11.158680  0.075989
  11.191024  0.246315
  11.223368  0.343814
  11.255712 -0.075162
  11.288056  0.154307
  11.320400  0.115554
  11.352744  0.324430
  11.385088 -0.039622
  11.417432  0.114279
  11.449776  0.071535
  11.482120  0.230167
  11.514464  0.080630
  11.546808  0.161654
  11.579152  0.135486
  11.611496  0.372915
  11.643840  0.040416
  11.676184  0.094994
  11.708528  0.103507
  11.740872  0.428667
  11.773216 -0.118239
  11.805560  0.163281
  11.837904  0.257311
  11.870248  0.198645
  11.902592 -0.003947
  11.934936  0.059953
  11.967280  0.251314
  11.999624  0.301510
  12.031968  0.039815
  12.064312  0.368097
  12.096656  0.113710
  12.129000  0.347626
  12.161344  0.009916
  12.193688  0.196804
  12.226032  0.125481
  12.258376  0.245232
  12.290720  0.116343
  12.323064  0.343473
  12.355408  0.200012
  12.387752  0.218814
  12.420096 -0.001205
  12.452440  0.077320
  12.484784  0.184190
  12.517128  0.335523
  12.549472  0.098782
  12.581816  0.114788
  12.614160  0.222817
  12.646504  0.392953
  12.678848  0.081809
  12.711192  0.104636
  12.743536  0.160555
  12.775880  0.212536
  12.808224  0.102365
  12.840568  0.107083
  12.872912  0.089555
  12.905256  0.354766
  12.937600  0.162081
  12.969944  0.101061
  13.002288  0.055139
  13.034632  0.290487
  13.066976  0.027383
  13.099320  0.187064
  13.131664 -0.066403
  13.164008  0.270109
  13.196352 -0.011130
  13.228696  0.251308
  13.261040  0.189177
  13.293384  0.363118
  13.325728  0.038623
  13.358072  0.231328
  13.390416  0.180171
  13.422760  0.450315
  13.455104  0.045684
  13.487448  0.269110
  13.519792  0.188454
  13.552136  0.332892
  13.584480  0.153140
  13.616824  0.240340
  13.649168  0.262727
  13.681512  0.342771
  13.713856  0.057481
  13.746200  0.368715
  13.778544  0.165545
  13.810888  0.335495
  13.843232 -0.034290
  13.875576  0.141782
  13.907920  0.221428
  13.940264  0.319194
  13.972608  0.033663
  14.004952  0.197229
  14.037296  0.105952
  14.069640  0.392812
  14.101984  0.218859
  14.134328  0.029973
  14.166672  0.056000
  14.199016  0.407514
  14.231360  0.050554
  14.263704  0.130815
  14.296048  0.142960
  14.328392  0.218338
  14.360736 -0.003057
  14.393080  0.090851
  14.425424  0.099550
  14.457768  0.363742
  14.490112  0.013482
  14.522456  0.247684
  14.554800  0.036574
  14.587144  0.302994
  14.619488  0.095599
  14.651832  0.177317
  14.684176  0.207317
  14.716520  0.286925
  14.748864  0.110343
  14.781208  0.255698
  14.813552  0.156574
  14.845896  0.361423
  14.878240  0.043859
  14.910584  0.288328
  14.942928  0.179839
  14.975272  0.161107
  15.007616  0.103304
  15.039960  0.229276
  15.072304  0.134475
  15.104648  0.183623
  15.136992 -0.093295
  15.169336  0.237155
  15.201680  0.275769
  15.234024  0.406984
  15.266368  0.163004
  15.298712  0.111033
  15.331056  0.237037
  15.363400  0.202042
  15.395744  0.114077
  15.428088  0.084691
  15.460432  0.022977
  15.492776  0.324450
  15.525120  0.119203
  15.557464  0.301242
  15.589808  0.188047
  15.622152  0.282490
  15.654496  0.067767
  15.686840  0.093666
  15.719184  0.233930
  15.751528  0.447310
  15.783872 -0.076939
  15.816216  0.201266
  15.848560  0.056206
  15.880904  0.142179
  15.913248 -0.013560
  15.945592  0.155358
  15.977936  0.103875
  16.010280  0.380361
  16.042624  0.068776
  16.074968  0.204176
  16.107312  0.225007
  16.139656  0.244540
  16.172000  0.102931
  16.204344  0.158915
  16.236688  0.165136
  16.269032  0.330376
  16.301376  0.050963
  16.333720  0.185917
  16.366064  0.174211
  16.398408  0.400868
  16.430752 -0.084804
  16.463096  0.157058
  16.495440  0.171664
  16.527784  0.306642
  16.560128  0.142239
  16.592472  0.335639
  16.624816  0.124243
  16.657160  0.380275
  16.689504  0.006232
  16.721848  0.021815
  16.754192  0.159161
  16.786536  0.283349
  16.818880  0.137650
  16.851224  0.237236
  16.883568  0.118716
  16.915912  0.236188
  16.948256 -0.009679
  16.980600  0.204874
  17.012944  0.106518
  17.045288  0.138728
  17.077632  0.003018
  17.109976  0.090120
  17.142320  0.114461
  17.174664  0.359666
  17.207008  0.060983
  17.239352  0.136587
  17.271696  0.194394
  17.304040  0.247133
  17.336384  0.135333
  17.368728  0.177878
  17.401072  0.137164
  17.433416  0.270612
  17.465760 -0.003214
  17.498104  0.121801
  17.530448  0.135164
  17.562792  0.400181
  17.595136  0.054440
  17.627480  0.297554
  17.659824 -0.005886
  17.692168  0.231562
  17.724512  0.160985
  17.756856  0.275359
  17.789200  0.291807
  17.821544  0.304072
  17.853888  0.027160
  17.886232  0.099534
  17.918576  0.100856
  17.950920  0.341423
  17.983264 -0.048319
  18.015608  0.160133
  18.047952  0.119796
  18.080296  0.112576
  18.112640  0.064947
  18.144984  0.201615
  18.177328  0.049619
  18.209672  0.345960
  18.242016  0.018673
  18.274360  0.209515
  18.306704  0.228661
  18.339048  0.439822
  18.371392  0.079380
  18.403736  0.272327
  18.436080  0.089146
  18.468424  0.317817
  18.500768  0.034486
  18.533112  0.189147
  18.565456  0.179123
  18.597800  0.278397
  18.630144  0.038465
  18.662488  0.032110
  18.694832  0.132029
  18.727176  0.356445
  18.759520  0.193464
  18.791864  0.095247
  18.824208  0.036962
  18.856552  0.351685
  18.888896 -0.005888
  18.921240  0.175097
  18.953584  0.133640
  18.985928  0.343336
  19.018272  0.078615
  19.050616  0.097440
  19.082960  0.194966
  19.115304  0.419609
  19.147648  0.151490
  19.179992  0.296592
  19.212336  0.194015
  19.244680  0.340719
  19.277024  0.139463
  19.309368  0.160468
  19.341712  0.129808
  19.374056  0.248829
  19.406400  0.032037
  19.438744  0.225443
  19.471088  0.110979
  19.503432  0.276900
  19.535776 -0.058055
  19.568120  0.098418
  19.600464  0.072700
  19.632808  0.369932
  19.665152  0.044886
  19.697496  0.269035
  19.729840  0.141371
  19.762184  0.363876
  19.794528  0.080402
  19.826872  0.113374
  19.859216  0.200476
  19.891560  0.269149
  19.923904  0.008450
  19.956248  0.240951
  19.988592  0.247597
  20.020936  0.464284
  20.053280  0.054228
  20.085624  0.227715
  20.117968  0.124808
  20.150312  0.192289
  20.182656  0.001381
  20.215000  0.329621
  20.247344  0.205733
  20.279688  0.211641
  20.312032 -0.018830
  20.344376  0.160120
  20.376720  0.077900
  20.409064  0.344964
  20.441408 -0.023365
  20.473752  0.181923
  20.506096  0.229602
  20.538440  0.331540
  20.570784  0.077879
  20.603128  0.189139
  20.635472  0.172727
  20.667816  0.283251
  20.700160  0.118997
  20.732504  0.428092
  20.764848  0.141723
  20.797192  0.352059
  20.829536  0.064119
  20.861880  0.283003
  20.894224  0.077682
  20.926568  0.468899
  20.958912 -0.012355
  20.991256  0.285850
  21.023600  0.135851
  21.055944  0.290490
  21.088288  0.001213
  21.120632  0.208702
  21.152976  0.075827
  21.185320  0.286345
  21.217664  0.106524
  21.250008  0.190965
  21.282352  0.137650
  21.314696  0.374882
  21.347040  0.017982
  21.379384  0.249048
  21.411728  0.156493
  21.444072  0.434855
  21.476416  0.090457
  21.508760  0.129376
  21.541104  0.116091
  21.573448  0.368861
  21.605792 -0.005576
  21.638136  0.342019
  21.670480  0.114223
  21.702824  0.441058
  21.735168  0.093716
  21.767512  0.188612
  21.799856  0.260469
  21.832200  0.298280
  21.864544  0.007598
  21.896888  0.209625
  21.929232  0.152858
  21.961576  0.242043
  21.993920  0.084519
  22.026264  0.115595
  22.058608  0.139519
  22.090952  0.354202
  22.123296  0.085058
  22.155640  0.200902
  22.187984  0.138631
  22.220328  0.255158
  22.252672  0.182611
  22.285016  0.242682
  22.317360  0.186290
  22.349704  0.287656
  22.382048 -0.026638
  22.414392  0.236345
  22.446736  0.053662
  22.479080  0.387423
  22.511424  0.077484
  22.543768  0.144317
  22.576112  0.148212
  22.608456  0.321451
  22.640800  0.079015
  22.673144  0.076881
  22.705488  0.098211
  22.737832  0.283792
  22.770176 -0.025560
  22.802520  0.012685
  22.834864  0.152858
  22.867208  0.297004
  22.899552 -0.009679
  22.931896  0.117634
  22.964240  0.118009
  22.996584  0.194113
  23.028928  0.058192
  23.061272  0.038149
  23.093616  0.127034
  23.125960  0.269187
  23.158304  0.003167
  23.190648  0.087186
  23.222992  0.088229
  23.255336  0.267065
  23.287680  0.066381
  23.320024  0.186353
  23.352368  0.091169
  23.384712  0.311863
  23.417056  0.115176
  23.449400  0.151832
  23.481744  0.106818
  23.514088  0.177321
  23.546432 -0.013803
  23.578776  0.195118
  23.611120  0.061832
  23.643464  0.325465
  23.675808  0.069179
  23.708152  0.210615
  23.740496  0.076257
  23.772840  0.235955
  23.805184 -0.092089
  23.837528 -0.058264
  23.869872  0.073206
  23.902216  0.166267
  23.934560 -0.034386
  23.966904  0.068486
  23.999248  0.076755
  24.031592  0.122098
  24.063936 -0.090185
  24.096280  0.153741
  24.128624  0.076467
  24.160968  0.211076
  24.193312  0.027157
  24.225656  0.078720
  24.258000  0.170586
  24.290344  0.394032
  24.322688 -0.068942
  24.355032  0.184658
  24.387376  0.045865
  24.419720  0.112529
  24.452064  0.017213
  24.484408  0.191858
  24.516752  0.157453
  24.549096  0.328792
  24.581440  0.004025
  24.613784  0.231478
  24.646128  0.106254
  24.678472  0.316696
  24.710816 -0.077431
  24.743160  0.169169
  24.775504  0.154970
  24.807848  0.142060
  24.840192 -0.035563
  24.872536  0.025571
  24.904880  0.062483
  24.937224  0.266129
  24.969568  0.084441
  25.001912  0.128203
  25.034256  0.103310
  25.066600  0.323177
  25.098944  0.029033
  25.131288  0.301834
  25.163632  0.228724
  25.195976  0.343198
  25.228320  0.109163
  25.260664  0.000576
  25.293008  0.258700
  25.325352  0.269348
  25.357696  0.074133
  25.390040  0.106457
  25.422384  0.168940
  25.454728  0.212236
  25.487072  0.212072
  25.519416  0.141444
  25.551760 -0.026063
  25.584104  0.308379
  25.616448  0.029278
  25.648792  0.382922
  25.681136  0.026137
  25.713480  0.300746
  25.745824  0.186207
  25.778168  0.260779
  25.810512  0.185369
  25.842856  0.395633
  25.875200  0.018107
  25.907544  0.098603
  25.939888  0.100288
  25.972232  0.313712
  26.004576 -0.011959
  26.036920  0.108224
  26.069264  0.150341
  26.101608  0.283718
  26.133952  0.008963
  26.166296  0.186645
  26.198640  0.088054
  26.230984  0.347924
  26.263328 -0.019976
  26.295672  0.255362
  26.328016  0.126284
  26.360360  0.211401
  26.392704 -0.053944
  26.425048  0.089555
  26.457392 -0.006533
  26.489736  0.190596
  26.522080 -0.093313
  26.554424  0.099924
  26.586768 -0.025374
  26.619112  0.292919
  26.651456  0.083054
  26.683800  0.054440
  26.716144  0.181505
  26.748488  0.364872
  26.780832  0.006891
  26.813176  0.245983
  26.845520  0.379307
  26.877864  0.292938
  26.910208  0.032477
  26.942552  0.217657
  26.974896  0.018193
  27.007240  0.291149
  27.039584  0.124707
  27.071928  0.322924
  27.104272  0.193976
  27.136616  0.480121
  27.168960  0.067665
  27.201304  0.166483
  27.233648  0.184781
  27.265992  0.204890
  27.298336  0.309988
  27.330680  0.333039
  27.363024  0.280963