 Eloss (eV)  Counts/s
 -38.890426 -0.131298
 -38.858082 -0.086591
 -38.825738 -0.106014
 -38.793394  0.046069
 -38.761050 -0.150637
 -38.728706 -0.008130
 -38.696362 -0.065036
 -38.664018  0.099122
 -38.631674 -0.096056
 -38.599330  0.004384
 -38.566986 -0.072693
 -38.534642  0.021234
 -38.502298 -0.206196
 -38.469954 -0.177742
 -38.437610 -0.064226
 -38.405266 -0.057452
 -38.372922 -0.211210
 -38.340578 -0.267886
 -38.308234 -0.141006
 -38.275890  0.040591
 -38.243546 -0.071892
 -38.211202  0.000461
 -38.178858 -0.239929
 -38.146514  0.033500
 -38.114170 -0.074743
 -38.081826 -0.077216
 -38.049482  0.038194
 -38.017138  0.054514
 -37.984794 -0.301383
 -37.952450 -0.174633
 -37.920106 -0.231464
 -37.887762  0.082588
 -37.855418 -0.167098
 -37.823074  0.070589
 -37.790730 -0.126633
 -37.758386 -0.010452
 -37.726042 -0.214607
 -37.693698 -0.184085
 -37.661354 -0.103323
 -37.629010 -0.021019
 -37.596666 -0.179158
 -37.564322 -0.190451
 -37.531978 -0.051618
 -37.499634  0.037583
 -37.467290 -0.328475
 -37.434946 -0.052090
 -37.402602 -0.128856
 -37.370258  0.050232
 -37.337914 -0.345638
 -37.305570 -0.190059
 -37.273226 -0.179784
 -37.240882  0.057759
 -37.208538 -0.232649
 -37.176194 -0.151783
 -37.143850 -0.260051
 -37.111506  0.089591
 -37.079162 -0.202939
 -37.046818  0.031923
 -37.014474 -0.130567
 -36.982130 -0.010432
 -36.949786 -0.275438
 -36.917442 -0.094668
 -36.885098  0.016397
 -36.852754  0.000142
 -36.820410 -0.221501
 -36.788066 -0.213747
 -36.755722 -0.098578
 -36.723378  0.046065
 -36.691034 -0.176447
 -36.658690 -0.150279
 -36.626346 -0.140742
 -36.594002  0.052274
 -36.561658 -0.200632
 -36.529314 -0.075346
 -36.496970  0.002070
 -36.464626  0.025878
 -36.432282 -0.314505
 -36.399938 -0.193675
 -36.367594 -0.046894
 -36.335250  0.009746
 -36.302906 -0.162495
 -36.270562 -0.146386
 -36.238218 -0.037620
 -36.205874  0.059070
 -36.173530 -0.226121
 -36.141186 -0.048049
 -36.108842 -0.181009
 -36.076498 -0.030269
 -36.044154 -0.110122
 -36.011810  0.022834
 -35.979466 -0.197174
 -35.947122  0.000013
 -35.914778 -0.091583
 -35.882434  0.012498
 -35.850090 -0.034978
 -35.817746  0.070374
 -35.785402 -0.223443
 -35.753058 -0.067188
 -35.720714 -0.025593
 -35.688370  0.132692
 -35.656026 -0.085625
 -35.623682 -0.081095
 -35.591338 -0.201367
 -35.558994  0.092866
 -35.526650 -0.145820
 -35.494306 -0.190620
 -35.461962 -0.184238
 -35.429618 -0.028871
 -35.397274 -0.274935
 -35.364930 -0.077051
 -35.332586 -0.095906
 -35.300242  0.040976
 -35.267898 -0.208649
 -35.235554 -0.293750
 -35.203210 -0.058080
 -35.170866  0.062490
 -35.138522 -0.165632
 -35.106178 -0.090856
 -35.073834 -0.125522
 -35.041490 -0.022811
 -35.009146 -0.084248
 -34.976802 -0.118380
 -34.944458  0.168596
 -34.912114  0.063683
 -34.879770 -0.227575
 -34.847426 -0.114951
 -34.815082  0.048278
 -34.782738 -0.037931
 -34.750394 -0.075984
 -34.718050 -0.052894
 -34.685706 -0.057426
 -34.653362  0.063028
 -34.621018 -0.217886
 -34.588674 -0.008696
 -34.556330 -0.088632
 -34.523986  0.136245
 -34.491642 -0.088820
 -34.459298 -0.091057
 -34.426954 -0.096463
 -34.394610  0.026706
 -34.362266 -0.224940
 -34.329922 -0.226364
 -34.297578 -0.168462
 -34.265234  0.045478
 -34.232890 -0.051666
 -34.200546 -0.029437
 -34.168202 -0.042952
 -34.135858  0.060380
 -34.103514 -0.264233
 -34.071170  0.008816
 -34.038826 -0.192980
 -34.006482 -0.072673
 -33.974138 -0.192236
 -33.941794 -0.030800
 -33.909450 -0.044728
 -33.877106  0.010617
 -33.844762 -0.195163
 -33.812418 -0.202880
 -33.780074 -0.048223
 -33.747730 -0.030689
 -33.715386 -0.055251
 -33.683042 -0.129712
 -33.650698 -0.025129
 -33.618354 -0.020691
 -33.586010 -0.174859
 -33.553666  0.016275
 -33.521322 -0.082549
 -33.488978 -0.038483
 -33.456634 -0.312441
 -33.424290 -0.266405
 -33.391946  0.002966
 -33.359602 -0.117009
 -33.327258 -0.156009
 -33.294914 -0.216608
 -33.262570 -0.008833
 -33.230226 -0.117516
 -33.197882 -0.122813
 -33.165538 -0.068259
 -33.133194  0.057788
 -33.100850 -0.056771
 -33.068506 -0.238416
 -33.036162 -0.177396
 -33.003818 -0.138446
 -32.971474  0.041740
 -32.939130 -0.303594
 -32.906786  0.004120
 -32.874442 -0.103797
 -32.842098 -0.011314
 -32.809754 -0.312076
 -32.777410 -0.187142
 -32.745066 -0.028315
 -32.712722 -0.037959
 -32.680378 -0.101928
 -32.648034 -0.218302
 -32.615690 -0.179484
 -32.583346 -0.169983
 -32.551002 -0.298863
 -32.518658 -0.244217
 -32.486314 -0.175014
 -32.453970 -0.049613
 -32.421626 -0.249280
 -32.389282 -0.086070
 -32.356938 -0.181147
 -32.324594 -0.049217
 -32.292250 -0.259371
 -32.259906 -0.153708
 -32.227562 -0.175226
 -32.195218  0.048879
 -32.162874 -0.165849
 -32.130530 -0.072552
 -32.098186 -0.182470
 -32.065842  0.075585
 -32.033498 -0.146104
 -32.001154 -0.097994
 -31.968810 -0.018710
 -31.936466  0.013129
 -31.904122 -0.163110
 -31.871778 -0.162867
 -31.839434 -0.046695
 -31.807090 -0.116653
 -31.774746 -0.223538
 -31.742402  0.012948
 -31.710058 -0.077482
 -31.677714  0.054948
 -31.645370 -0.179385
 -31.613026 -0.210411
 -31.580682 -0.106567
 -31.548338 -0.065594
 -31.515994 -0.234189
 -31.483650 -0.082612
 -31.451306 -0.199595
 -31.418962 -0.051383
 -31.386618 -0.328103
 -31.354274 -0.181941
 -31.321930 -0.035223
 -31.289586  0.050364
 -31.257242 -0.111510
 -31.224898 -0.060019
 -31.192554 -0.097349
 -31.160210  0.023373
 -31.127866 -0.238957
 -31.095522 -0.192877
 -31.063178 -0.181078
 -31.030834  0.000369
 -30.998490 -0.091827
 -30.966146 -0.219408
 -30.933802 -0.254610
 -30.901458 -0.014886
 -30.869114 -0.250921
 -30.836770 -0.072036
 -30.804426 -0.181517
 -30.772082 -0.060411
 -30.739738 -0.083176
 -30.707394  0.002784
 -30.675050 -0.194645
 -30.642706  0.002549
 -30.610362 -0.336391
 -30.578018 -0.108015
 -30.545674 -0.219755
 -30.513330  0.052697
 -30.480986 -0.279566
 -30.448642 -0.122836
 -30.416298 -0.225469
 -30.383954 -0.043131
 -30.351610 -0.282350
 -30.319266 -0.069918
 -30.286922 -0.190623
 -30.254578  0.029092
 -30.222234 -0.130599
 -30.189890 -0.062368
 -30.157546 -0.019157
 -30.125202  0.084230
 -30.092858 -0.333235
 -30.060514 -0.100229
 -30.028170 -0.124354
 -29.995826 -0.117459
 -29.963482 -0.277974
 -29.931138 -0.100795
 -29.898794 -0.045176
 -29.866450 -0.007124
 -29.834106 -0.071763
 -29.801762 -0.073247
 -29.769418 -0.031021
 -29.737074  0.040037
 -29.704730 -0.188714
 -29.672386  0.040596
 -29.640042 -0.085504
 -29.607698  0.017847
 -29.575354 -0.241860
 -29.543010 -0.054318
 -29.510666 -0.128475
 -29.478322  0.045284
 -29.445978 -0.210400
 -29.413634 -0.227981
 -29.381290 -0.174986
 -29.348946 -0.137642
 -29.316602 -0.085604
 -29.284258 -0.072693
 -29.251914 -0.130842
 -29.219570  0.043054
 -29.187226 -0.339791
 -29.154882 -0.093177
 -29.122538 -0.142708
 -29.090194 -0.002682
 -29.057850 -0.111060
 -29.025506 -0.074249
 -28.993162 -0.118297
 -28.960818  0.095158
 -28.928474 -0.143274
 -28.896130 -0.233233
 -28.863786 -0.004234
 -28.831442  0.034752
 -28.799098 -0.249176
 -28.766754 -0.142151
 -28.734410  0.026509
 -28.702066  0.044378
 -28.669722 -0.048983
 -28.637378 -0.029661
 -28.605034 -0.018549
 -28.572690 -0.100045
 -28.540346 -0.212931
 -28.508002 -0.007916
 -28.475658 -0.131102
 -28.443314 -0.006151
 -28.410970 -0.293793
 -28.378626 -0.089017
 -28.346282 -0.073787
 -28.313938  0.047951
 -28.281594 -0.358203
 -28.249250 -0.244646
 -28.216906  0.063115
 -28.184562  0.103156
 -28.152218 -0.126321
 -28.119874 -0.091223
 -28.087530 -0.079524
 -28.055186 -0.089214
 -28.022842 -0.246241
 -27.990498 -0.139937
 -27.958154 -0.005655
 -27.925810  0.108867
 -27.893466 -0.152320
 -27.861122 -0.027408
 -27.828778 -0.065359
 -27.796434  0.078012
 -27.764090 -0.196347
 -27.731746 -0.103457
 -27.699402 -0.133957
 -27.667058  0.061827
 -27.634714 -0.281835
 -27.602370  0.016154
 -27.570026 -0.145821
 -27.537682  0.000706
 -27.505338 -0.188798
 -27.472994 -0.061802
 -27.440650 -0.195570
 -27.408306  0.104695
 -27.375962 -0.218028
 -27.343618 -0.003185
 -27.311274 -0.010323
 -27.278930 -0.045627
 -27.246586 -0.248945
 -27.214242  0.000223
 -27.181898 -0.055409
 -27.149554  0.093849
 -27.117210 -0.124104
 -27.084866 -0.011017
 -27.052522 -0.093230
 -27.020178 -0.023307
 -26.987834 -0.106513
 -26.955490 -0.025507
 -26.923146 -0.030559
 -26.890802  0.079013
 -26.858458 -0.219554
 -26.826114 -0.058995
 -26.793770  0.078787
 -26.761426  0.039848
 -26.729082 -0.231690
 -26.696738 -0.069934
 -26.664394 -0.013905
 -26.632050  0.200140
 -26.599706 -0.150910
 -26.567362  0.054984
 -26.535018 -0.022074
 -26.502674  0.187411
 -26.470330 -0.098387
 -26.437986 -0.089042
 -26.405642 -0.154565
 -26.373298  0.022467
 -26.340954 -0.005510
 -26.308610 -0.077259
 -26.276266 -0.090179
 -26.243922  0.061896
 -26.211578 -0.229195
 -26.179234 -0.006431
 -26.146890 -0.017475
 -26.114546 -0.098271
 -26.082202 -0.123200
 -26.049858 -0.065439
 -26.017514 -0.177191
 -25.985170  0.030753
 -25.952826 -0.101510
 -25.920482  0.076708
 -25.888138 -0.004093
 -25.855794  0.146420
 -25.823450 -0.252911
 -25.791106 -0.119350
 -25.758762 -0.097495
 -25.726418 -0.025936
 -25.694074  0.045318
 -25.661730 -0.079408
 -25.629386  0.076469
 -25.597042  0.093385
 -25.564698 -0.135342
 -25.532354 -0.047522
 -25.500010  0.048517
 -25.467666  0.143158
 -25.435322 -0.100184
 -25.402978  0.016479
 -25.370634 -0.028986
 -25.338290  0.033263
 -25.305946 -0.097147
 -25.273602 -0.069647
 -25.241258  0.021234
 -25.208914  0.114873
 -25.176570 -0.104527
 -25.144226 -0.070929
 -25.111882 -0.073072
 -25.079538  0.098634
 -25.047194 -0.161883
 -25.014850  0.100170
 -24.982506 -0.040659
 -24.950162  0.131995
 -24.917818 -0.092834
 -24.885474  0.038789
 -24.853130 -0.016669
 -24.820786  0.103294
 -24.788442 -0.112659
 -24.756098  0.080327
 -24.723754 -0.018110
 -24.691410 -0.049530
 -24.659066 -0.183025
 -24.626722  0.004659
 -24.594378 -0.172179
 -24.562034  0.137633
 -24.529690 -0.119270
 -24.497346 -0.147232
 -24.465002 -0.028997
 -24.432658  0.186808
 -24.400314 -0.213729
 -24.367970 -0.062693
 -24.335626 -0.101673
 -24.303282  0.103881
 -24.270938 -0.130293
 -24.238594  0.062765
 -24.206250 -0.058842
 -24.173906  0.053417
 -24.141562 -0.085060
 -24.109218  0.010002
 -24.076874 -0.000133
 -24.044530 -0.046060
 -24.012186 -0.211668
 -23.979842 -0.147518
 -23.947498 -0.050480
 -23.915154  0.077722
 -23.882810 -0.071554
 -23.850466 -0.034650
 -23.818122  0.079160
 -23.785778  0.124311
 -23.753434 -0.222237
 -23.721090 -0.004164
 -23.688746 -0.026828
 -23.656402  0.104628
 -23.624058 -0.011798
 -23.591714 -0.099802
 -23.559370  0.090721
 -23.527026  0.004127
 -23.494682 -0.136177
 -23.462338  0.094429
 -23.429994 -0.187100
 -23.397650  0.029134
 -23.365306 -0.064792
 -23.332962 -0.118677
 -23.300618  0.046078
 -23.268274 -0.008344
 -23.235930 -0.156874
 -23.203586 -0.118082
 -23.171242 -0.126553
 -23.138898  0.101547
 -23.106554 -0.199240
 -23.074210  0.036633
 -23.041866  0.130955
 -23.009522  0.073547
 -22.977178 -0.270645
 -22.944834 -0.116951
 -22.912490  0.060612
 -22.880146  0.082561
 -22.847802  0.036663
 -22.815458  0.010510
 -22.783114  0.055149
 -22.750770  0.126624
 -22.718426 -0.041746
 -22.686082  0.017960
 -22.653738  0.069691
 -22.621394  0.175750
 -22.589050 -0.060896
 -22.556706 -0.106014
 -22.524362 -0.040104
 -22.492018  0.099284
 -22.459674 -0.097090
 -22.427330  0.313741
 -22.394986  0.030633
 -22.362642  0.137068
 -22.330298 -0.209469
 -22.297954 -0.062971
 -22.265610 -0.122093
 -22.233266 -0.040197
 -22.200922 -0.228464
 -22.168578  0.145301
 -22.136234  0.043810
 -22.103890  0.034828
 -22.071546 -0.170066
 -22.039202  0.021334
 -22.006858  0.171730
 -21.974514  0.231001
 -21.942170 -0.037426
 -21.909826 -0.006719
 -21.877482 -0.018710
 -21.845138  0.115699
 -21.812794 -0.033516
 -21.780450  0.101091
 -21.748106 -0.043235
 -21.715762 -0.001762
 -21.683418 -0.067381
 -21.651074  0.044176
 -21.618730  0.167037
 -21.586386  0.286446
 -21.554042 -0.118251
 -21.521698  0.028896
 -21.489354  0.087961
 -21.457010  0.040032
 -21.424666 -0.186089
 -21.392322 -0.145254
 -21.359978 -0.112756
 -21.327634  0.160463
 -21.295290 -0.160261
 -21.262946  0.024225
 -21.230602  0.048167
 -21.198258 -0.038697
 -21.165914  0.037949
 -21.133570 -0.117815
 -21.101226  0.057481
 -21.068882  0.138483
 -21.036538 -0.096374
 -21.004194 -0.230897
 -20.971850  0.110713
 -20.939506  0.235138
 -20.907162 -0.125483
 -20.874818 -0.159695
 -20.842474 -0.083616
 -20.810130  0.021368
 -20.777786 -0.285498
 -20.745442 -0.055636
 -20.713098 -0.004946
 -20.680754  0.117397
 -20.648410 -0.240583
 -20.616066  0.056950
 -20.583722  0.018538
 -20.551378  0.141870
 -20.519034 -0.101928
 -20.486690 -0.096979
 -20.454346  0.131094
 -20.422002  0.066098
 -20.389658 -0.164482
 -20.357314  0.120325
 -20.324970 -0.154287
 -20.292626  0.084060
 -20.260282 -0.100594
 -20.227938 -0.097608
 -20.195594  0.071330
 -20.163250  0.248070
 -20.130906 -0.042048
 -20.098562  0.039489
 -20.066218 -0.146952
 -20.033874  0.139900
 -20.001530  0.036854
 -19.969186  0.006894
 -19.936842 -0.042294
 -19.904498  0.168474
 -19.872154 -0.006151
 -19.839810  0.008047
 -19.807466  0.030069
 -19.775122  0.164252
 -19.742778 -0.050340
 -19.710434  0.119321
 -19.678090  0.099431
 -19.645746  0.250763
 -19.613402 -0.168961
 -19.581058  0.014696
 -19.548714  0.095073
 -19.516370  0.139471
 -19.484026 -0.026488
 -19.451682 -0.040293
 -19.419338  0.005765
 -19.386994  0.301042
 -19.354650 -0.143832
 -19.322306 -0.088566
 -19.289962  0.030224
 -19.257618  0.107679
 -19.225274 -0.144435
 -19.192930 -0.010963
 -19.160586  0.003174
 -19.128242  0.107597
 -19.095898 -0.110830
 -19.063554 -0.060276
 -19.031210 -0.023108
 -18.998866  0.200250
 -18.966522 -0.094113
 -18.934178  0.121161
 -18.901834 -0.048927
 -18.869490  0.149775
 -18.837146  0.039843
 -18.804802  0.003054
 -18.772458  0.099122
 -18.740114  0.192722
 -18.707770 -0.127216
 -18.675426  0.043810
 -18.643082 -0.006003
 -18.610738 -0.015974
 -18.578394 -0.062693
 -18.546050  0.036451
 -18.513706  0.027387
 -18.481362  0.073102
 -18.449018 -0.038483
 -18.416674  0.030800
 -18.384330 -0.017999
 -18.351986  0.116607
 -18.319642 -0.065436
 -18.287298  0.020804
 -18.254954 -0.090220
 -18.222610  0.062151
 -18.190266 -0.116884
 -18.157922  0.071031
 -18.125578  0.164473
 -18.093234  0.132989
 -18.060890  0.088517
 -18.028546  0.014949
 -17.996202  0.267122
 -17.963858  0.105826
 -17.931514 -0.089214
 -17.899170  0.036088
 -17.866826  0.052921
 -17.834482  0.130636
 -17.802138 -0.278237
 -17.769794 -0.075063
 -17.737450 -0.039524
 -17.705106  0.185300
 -17.672762  0.009230
 -17.640418 -0.129953
 -17.608074 -0.148648
 -17.575730  0.070024
 -17.543386 -0.094054
 -17.511042  0.092414
 -17.478698 -0.118973
 -17.446354  0.054053
 -17.414010 -0.112889
 -17.381666 -0.075417
 -17.349322  0.025175
 -17.316978  0.011420
 -17.284634 -0.049687
 -17.252290 -0.094514
 -17.219946 -0.238930
 -17.187602  0.015830
 -17.155258 -0.085007
 -17.122914 -0.143271
 -17.090570 -0.078890
 -17.058226  0.092089
 -17.025882 -0.145537
 -16.993538 -0.067704
 -16.961194 -0.080473
 -16.928850  0.044381
 -16.896506 -0.074075
 -16.864162  0.031040
 -16.831818  0.199212
 -16.799474  0.122311
 -16.767130 -0.240917
 -16.734786  0.098392
 -16.702442  0.030753
 -16.670098  0.121691
 -16.637754 -0.079575
 -16.605410  0.091286
 -16.573066 -0.041435
 -16.540722  0.045511
 -16.508378 -0.202706
 -16.476034 -0.034724
 -16.443690  0.062046
 -16.411346  0.004730
 -16.379002 -0.096819
 -16.346658 -0.011098
 -16.314314 -0.002050
 -16.281970  0.018739
 -16.249626 -0.030454
 -16.217282  0.018099
 -16.184938 -0.071987
 -16.152594  0.098467
 -16.120250 -0.113653
 -16.087906  0.016679
 -16.055562 -0.163625
 -16.023218 -0.005216
 -15.990874 -0.120130
 -15.958530 -0.052656
 -15.926186  0.074943
 -15.893842  0.113896
 -15.861498  0.041167
 -15.829154  0.099619
 -15.796810 -0.007412
 -15.764466  0.121294
 -15.732122 -0.014277
 -15.699778 -0.132277
 -15.667434  0.043809
 -15.635090  0.175039
 -15.602746  0.053373
 -15.570402 -0.023150
 -15.538058  0.083422
 -15.505714  0.102610
 -15.473370 -0.165886
 -15.441026 -0.072844
 -15.408682 -0.108122
 -15.376338  0.212808
 -15.343994 -0.140128
 -15.311650  0.019028
 -15.279306  0.105335
 -15.246962  0.295396
 -15.214618  0.000770
 -15.182274 -0.043595
 -15.149930  0.101650
 -15.117586  0.055460
 -15.085242 -0.094977
 -15.052898  0.024959
 -15.020554 -0.092044
 -14.988210  0.040789
 -14.955866 -0.163641
 -14.923522  0.113022
 -14.891178 -0.060995
 -14.858834  0.234192
 -14.826490 -0.038591
 -14.794146  0.039293
 -14.761802  0.092253
 -14.729458  0.139187
 -14.697114 -0.180282
 -14.664770 -0.000698
 -14.632426 -0.094256
 -14.600082  0.131431
 -14.567738  0.018010
 -14.535394 -0.009773
 -14.503050  0.082927
 -14.470706  0.179460
 -14.438362 -0.055784
 -14.406018  0.027173
 -14.373674  0.127482
 -14.341330  0.285012
 -14.308986 -0.073008
 -14.276642  0.046261
 -14.244298 -0.017207
 -14.211954  0.131509
 -14.179610 -0.109611
 -14.147266 -0.047206
 -14.114922  0.083342
 -14.082578  0.265043
 -14.050234  0.003471
 -14.017890 -0.085504
 -13.985546  0.018225
 -13.953202  0.054365
 -13.920858 -0.047952
 -13.888514  0.161680
 -13.856170  0.088129
 -13.823826  0.149775
 -13.791482  0.055114
 -13.759138  0.000316
 -13.726794  0.062198
 -13.694450  0.048735
 -13.662106 -0.163574
 -13.629762 -0.021037
 -13.597418 -0.008053
 -13.565074  0.183359
 -13.532730 -0.178148
 -13.500386  0.065012
 -13.468042  0.003322
 -13.435698 -0.017325
 -13.403354 -0.116445
 -13.371010 -0.004446
 -13.338666 -0.046660
 -13.306322  0.169223
 -13.273978 -0.032721
 -13.241634  0.013402
 -13.209290  0.005788
 -13.176946  0.072931
 -13.144602 -0.042136
 -13.112258  0.054053
 -13.079914  0.072853
 -13.047570  0.149097
 -13.015226 -0.179983
 -12.982882 -0.053790
 -12.950538 -0.000003
 -12.918194  0.114260
 -12.885850  0.043621
 -12.853506 -0.025369
 -12.821162 -0.001186
 -12.788818  0.100576
 -12.756474 -0.079623
 -12.724130  0.002702
 -12.691786  0.040037
 -12.659442  0.172057
 -12.627098 -0.048223
 -12.594754  0.118832
 -12.562410  0.138769
 -12.530066  0.129688
 -12.497722  0.062468
 -12.465378  0.040214
 -12.433034 -0.016410
 -12.400690  0.071763
 -12.368346 -0.042080
 -12.336002  0.017809
 -12.303658  0.052472
 -12.271314  0.075270
 -12.238970 -0.192205
 -12.206626  0.011544
 -12.174282 -0.080853
 -12.141938  0.030496
 -12.109594 -0.162640
 -12.077250  0.028896
 -12.044906  0.036372
 -12.012562  0.223843
 -11.980218  0.034752
 -11.947874  0.010617
 -11.915530  0.089495
 -11.883186  0.056386
 -11.850842  0.043811
 -11.818498  0.071205
 -11.786154  0.010462
 -11.753810  0.200237
 -11.721466 -0.028230
 -11.689122  0.091857
 -11.656778  0.067365
 -11.624434  0.102415
 -11.592090 -0.126594
 -11.559746  0.175776
 -11.527402  0.069069
 -11.495058  0.188042
 -11.462714 -0.051200
 -11.430370 -0.160316
 -11.398026 -0.039196
 -11.365682  0.127754
 -11.333338 -0.224912
 -11.300994 -0.100841
 -11.268650 -0.096444
 -11.236306  0.150486
 -11.203962 -0.056086
 -11.171618 -0.070950
 -11.139274  0.101620
 -11.106930  0.026656
 -11.074586  0.184826
 -11.042242  0.143564
 -11.009898 -0.017144
 -10.977554  0.278396
 -10.945210 -0.041885
 -10.912866  0.061385
 -10.880522 -0.000213
 -10.848178  0.267276
 -10.815834 -0.178023
 -10.783490 -0.074778
 -10.751146 -0.029328
 -10.718802  0.073720
 -10.686458 -0.190277
 -10.654114  0.039720
 -10.621770  0.064500
 -10.589426  0.057577
 -10.557082 -0.111788
 -10.524738  0.070981
 -10.492394  0.156456
 -10.460050  0.053417
 -10.427706 -0.152333
 -10.395362  0.183955
 -10.363018  0.095888
 -10.330674  0.200704
 -10.298330  0.018449
 -10.265986 -0.069177
 -10.233642  0.055860
 -10.201298  0.177479
 -10.168954  0.029113
 -10.136610  0.041566
 -10.104266  0.006243
 -10.071922  0.252205
 -10.039578 -0.151215
 -10.007234  0.078278
  -9.974890 -0.014237
  -9.942546  0.194722
  -9.910202 -0.025594
  -9.877858  0.036382
  -9.845514  0.154324
  -9.813170  0.078682
  -9.780826 -0.110050
  -9.748482 -0.007286
  -9.716138 -0.130473
  -9.683794 -0.035556
  -9.651450  0.001650
  -9.619106 -0.111025
  -9.586762 -0.032270
  -9.554418  0.123322
  -9.522074 -0.000674
  -9.489730  0.109784
  -9.457386  0.147653
  -9.425042  0.195625
  -9.392698  0.078834
  -9.360354  0.003054
  -9.328010  0.047592
  -9.295666  0.110039
  -9.263322  0.045318
  -9.230978  0.086097
  -9.198634 -0.011962
  -9.166290  0.052683
  -9.133946  0.019505
  -9.101602 -0.049728
  -9.069258 -0.013710
  -9.036914  0.026116
  -9.004570 -0.121234
  -8.972226  0.034497
  -8.939882  0.134394
  -8.907538  0.211886
  -8.875194 -0.202883
  -8.842850 -0.039065
  -8.810506  0.000433
  -8.778162  0.142600
  -8.745818 -0.187040
  -8.713474  0.110915
  -8.681130  0.050254
  -8.648786  0.099368
  -8.616442 -0.051571
  -8.584098 -0.038605
  -8.551754 -0.016363
  -8.519410  0.186008
  -8.487066 -0.118780
  -8.454722  0.079183
  -8.422378  0.166390
  -8.390034  0.200718
  -8.357690 -0.026071
  -8.325346  0.033801
  -8.293002  0.049842
  -8.260658  0.199576
  -8.228314 -0.026619
  -8.195970  0.044187
  -8.163626 -0.102755
  -8.131282  0.199409
  -8.098938 -0.186480
  -8.066594  0.080947
  -8.034250 -0.081604
  -8.001906  0.029874
  -7.969562 -0.031707
  -7.937218 -0.081984
  -7.904874 -0.059616
  -7.872530  0.184758
  -7.840186 -0.014929
  -7.807842 -0.079974
  -7.775498 -0.091679
  -7.743154  0.018337
  -7.710810 -0.149208
  -7.678466 -0.071554
  -7.646122  0.156037
  -7.613778 -0.037703
  -7.581434 -0.202538
  -7.549090 -0.124243
  -7.516746  0.019939
  -7.484402  0.058028
  -7.452058 -0.062117
  -7.419714  0.133805
  -7.387370  0.031586
  -7.355026  0.117438
  -7.322682 -0.017016
  -7.290338 -0.095598
  -7.257994 -0.074529
  -7.225650  0.214759
  -7.193306 -0.049687
  -7.160962 -0.053987
  -7.128618 -0.078277
  -7.096274  0.233625
  -7.063930 -0.060995
  -7.031586  0.046073
  -6.999242  0.082699
  -6.966898  0.088967
  -6.934554 -0.063664
  -6.902210  0.190880
  -6.869866 -0.075522
  -6.837522  0.161904
  -6.805178 -0.008191
  -6.772834 -0.017964
  -6.740490 -0.051383
  -6.708146  0.141878
  -6.675802 -0.114292
  -6.643458  0.029854
  -6.611114 -0.045162
  -6.578770  0.143725
  -6.546426 -0.189449
  -6.514082  0.104852
  -6.481738 -0.004234
  -6.449394  0.119927
  -6.417050 -0.023706
  -6.384706  0.023585
  -6.352362  0.085343
  -6.320018  0.207049
  -6.287674 -0.076898
  -6.255330  0.074991
  -6.222986 -0.061489
  -6.190642  0.138200
  -6.158298 -0.042048
  -6.125954 -0.108799
  -6.093610 -0.064630
  -6.061266  0.156624
  -6.028922 -0.119134
  -5.996578 -0.079724
  -5.964234  0.031180
  -5.931890  0.107452
  -5.899546  0.057353
  -5.867202  0.152062
  -5.834858 -0.120514
  -5.802514  0.150438
  -5.770170 -0.081547
  -5.737826 -0.074075
  -5.705482  0.037783
  -5.673138  0.086097
  -5.640794 -0.178117
  -5.608450 -0.133656
  -5.576106 -0.073756
  -5.543762  0.170543
  -5.511418 -0.086899
  -5.479074  0.068011
  -5.446730  0.017107
  -5.414386  0.127167
  -5.382042 -0.250078
  -5.349698 -0.041456
  -5.317354 -0.049410
  -5.285010  0.070456
  -5.252666 -0.150923
  -5.220322  0.013998
  -5.187978 -0.040435
  -5.155634  0.176151
  -5.123290 -0.118864
  -5.090946 -0.007639
  -5.058602 -0.076898
  -5.026258  0.046821
  -4.993914  0.037583
  -4.961570 -0.046914
  -4.929226 -0.074886
  -4.896882  0.053065
  -4.864538 -0.076513
  -4.832194 -0.079025
  -4.799850 -0.162867
  -4.767506  0.161987
  -4.735162 -0.198154
  -4.702818 -0.024722
  -4.670474 -0.073017
  -4.638130  0.014331
  -4.605786  0.003411
  -4.573442 -0.082048
  -4.541098 -0.077507
  -4.508754  0.140175
  -4.476410 -0.250541
  -4.444066 -0.059433
  -4.411722  0.102361
  -4.379378  0.039121
  -4.347034 -0.092098
  -4.314690  0.008043
  -4.282346 -0.043261
  -4.250002 -0.056921
  -4.217658 -0.037051
  -4.185314 -0.210602
  -4.152970 -0.033174
  -4.120626  0.063978
  -4.088282 -0.089582
  -4.055938  0.054783
  -4.023594  0.014609
  -3.991250  0.148395
  -3.958906 -0.170351
  -3.926562 -0.049687
  -3.894218  0.025486
  -3.861874  0.341998
  -3.829530 -0.081604
  -3.797186  0.047212
  -3.764842 -0.082924
  -3.732498  0.097503
  -3.700154 -0.143555
  -3.667810 -0.092246
  -3.635466 -0.110955
  -3.603122  0.157627
  -3.570778 -0.134845
  -3.538434 -0.072578
  -3.506090 -0.001725
  -3.473746  0.118906
  -3.441402 -0.087770
  -3.409058 -0.146386
  -3.376714  0.115348
  -3.344370  0.104536
  -3.312026 -0.105851
  -3.279682 -0.112756
  -3.247338 -0.038305
  -3.214994  0.044378
  -3.182650 -0.177912
  -3.150306 -0.103627
  -3.117962  0.109161
  -3.085618  0.150794
  -3.053274 -0.111291
  -3.020930 -0.161623
  -2.988586 -0.008191
  -2.956242  0.082640
  -2.923898 -0.007932
  -2.891554 -0.081345
  -2.859210  0.039340
  -2.826866  0.179980
  -2.794522 -0.005577
  -2.762178  0.009952
  -2.729834 -0.004445
  -2.697490  0.223011
  -2.665146  0.016964
  -2.632802 -0.006911
  -2.600458  0.003202
  -2.568114  0.243451
  -2.535770 -0.027551
  -2.503426 -0.091368
  -2.471082 -0.024340
  -2.438738 -0.016798
  -2.406394 -0.012414
  -2.374050 -0.059433
  -2.341706 -0.071740
  -2.309362  0.252600
  -2.277018 -0.163951
  -2.244674  0.067548
  -2.212330  0.046811
  -2.179986  0.081794
  -2.147642 -0.023080
  -2.115298  0.050961
  -2.082954  0.014327
  -2.050610 -0.036799
  -2.018266 -0.129026
  -1.985922 -0.098955
  -1.953578  0.020635
  -1.921234  0.088263
  -1.888890 -0.091057
  -1.856546  0.063862
  -1.824202  0.031022
  -1.791858  0.092565
  -1.759514 -0.067302
  -1.727170  0.062216
  -1.694826 -0.064465
  -1.662482  0.050222
  -1.630138 -0.031135
  -1.597794  0.006395
  -1.565450 -0.000619
  -1.533106 -0.029996
  -1.500762 -0.085938
  -1.468418 -0.051854
  -1.436074 -0.144114
  -1.403730  0.141184
  -1.371386 -0.055027
  -1.339042 -0.029826
  -1.306698  0.049406
  -1.274354  0.159420
  -1.242010 -0.100321
  -1.209666 -0.127724
  -1.177322 -0.201585
  -1.144978  0.119281
  -1.112634 -0.228142
  -1.080290 -0.019653
  -1.047946 -0.105710
  -1.015602  0.033621
  -0.983258 -0.079324
  -0.950914 -0.038605
  -0.918570 -0.028068
  -0.886226  0.032714
  -0.853882 -0.068514
  -0.821538  0.023174
  -0.789194 -0.009263
  -0.756850  0.145960
  -0.724506 -0.115788
  -0.692162 -0.095288
  -0.659818  0.039853
  -0.627474  0.107051
  -0.595130 -0.112418
  -0.562786 -0.035217
  -0.530442  0.055587
  -0.498098 -0.028529
  -0.465754 -0.182119
  -0.433410 -0.043725
  -0.401066  0.052050
  -0.368722  0.041197
  -0.336378 -0.153066
  -0.304034 -0.128017
  -0.271690 -0.107220
  -0.239346  0.231741
  -0.207002 -0.048126
  -0.174658  0.096374
  -0.142314  0.289632
  -0.109970  0.864721
  -0.077626  1.250133
  -0.045282  1.852949
  -0.012938  2.859873
   0.019406  2.377103
   0.051750  1.359861
   0.084094  1.082681
   0.116438  0.629169
   0.148782  0.562005
   0.181126  0.193006
   0.213470  0.073939
   0.245814  0.269177
   0.278158  0.144871
   0.310502  0.145201
   0.342846  0.292519
   0.375190  0.262636
   0.407534  0.347485
   0.439878  0.126703
   0.472222  0.396347
   0.504566  0.439476
   0.536910  0.617518
   0.569254  0.478143
   0.601598  0.600777
   0.633942  0.638709
   0.666286  0.972694
   0.698630  0.855619
   0.730974  1.042957
   0.763318  1.263592
   0.795662  1.093427
   0.828006  1.081813
   0.860350  1.113560
   0.892694  1.434491
   0.925038  1.708736
   0.957382  1.711832
   0.989726  2.313322
   1.022070  3.146830
   1.054414  2.686178
   1.086758  2.618613
   1.119102  3.125714
   1.151446  2.965406
   1.183790  2.933733
   1.216134  2.797069
   1.248478  2.231598
   1.280822  2.275714
   1.313166  2.422387
   1.345510  1.757116
   1.377854  1.617567
   1.410198  1.965214
   1.442542  1.858446
   1.474886  1.879284
   1.507230  1.986169
   1.539574  1.997976
   1.571918  1.994477
   1.604262  1.601303
   1.636606  1.694471
   1.668950  1.914847
   1.701294  2.806498
   1.733638  2.728206
   1.765982  2.030244
   1.798326  1.550042
   1.830670  1.824590
   1.863014  1.893873
   1.895358  1.762342
   1.927702  1.514293
   1.960046  1.475643
   1.992390  1.079570
   2.024734  1.152183
   2.057078  1.055922
   2.089422  1.209277
   2.121766  1.193549
   2.154110  1.088478
   2.186454  1.129848
   2.218798  1.095835
   2.251142  0.623890
   2.283486  0.899324
   2.315830  0.850596
   2.348174  0.852014
   2.380518  0.869224
   2.412862  0.771057
   2.445206  0.632064
   2.477550  0.964979
   2.509894  0.835774
   2.542238  1.032648
   2.574582  0.758046
   2.606926  1.001342
   2.639270  0.673007
   2.671614  0.743196
   2.703958  0.944430
   2.736302  0.807415
   2.768646  0.712502
   2.800990  0.424210
   2.833334  0.637221
   2.865678  0.569202
   2.898022  0.345365
   2.930366  0.566289
   2.962710  0.446491
   2.995054  0.782998
   3.027398  0.429866
   3.059742  0.628236
   3.092086  0.533144
   3.124430  0.555858
   3.156774  0.379332
   3.189118  0.590958
   3.221462  0.483207
   3.253806  0.663643
   3.286150  0.589048
   3.318494  0.451444
   3.350838  0.351284
   3.383182  0.556559
   3.415526  0.358411
   3.447870  0.405453
   3.480214  0.281828
   3.512558  0.582361
   3.544902  0.375901
   3.577246  0.349794
   3.609590  0.476603
   3.641934  0.643042
   3.674278  0.340677
   3.706622  0.359602
   3.738966  0.599515
   3.771310  0.791000
   3.803654  0.356787
   3.835998  0.589496
   3.868342  0.660190
   3.900686  0.777258
   3.933030  0.464808
   3.965374  0.524925
   3.997718  0.575580
   4.030062  0.624008
   4.062406  0.593392
   4.094750  0.681342
   4.127094  0.475436
   4.159438  0.692343
   4.191782  0.251614
   4.224126  0.462581
   4.256470  0.403020
   4.288814  0.325647
   4.321158  0.312288
   4.353502  0.623909
   4.385846  0.440872
   4.418190  0.590609
   4.450534  0.559994
   4.482878  0.420833
   4.515222  0.332883
   4.547566  0.580590
   4.579910  0.439211
   4.612254  0.449248
   4.644598  0.592196
   4.676942  0.401351
   4.709286  0.182033
   4.741630  0.291135
   4.773974  0.327874
   4.806318  0.495944
   4.838662  0.168242
   4.871006  0.243264
   4.903350  0.308447
   4.935694  0.362942
   4.968038  0.230555
   5.000382  0.234450
   5.032726  0.367422
   5.065070  0.398579
   5.097414  0.181595
   5.129758  0.180920
   5.162102  0.277290
   5.194446  0.377993
   5.226790  0.106485
   5.259134  0.475888
   5.291478  0.187158
   5.323822  0.292312
   5.356166  0.143342
   5.388510  0.243439
   5.420854  0.378550
   5.453198  0.455869
   5.485542  0.286259
   5.517886  0.293981
   5.550230  0.365781
   5.582574  0.315176
   5.614918 -0.034054
   5.647262  0.137352
   5.679606  0.125155
   5.711950  0.357088
   5.744294  0.041553
   5.776638  0.059275
   5.808982  0.143713
   5.841326  0.141331
   5.873670 -0.030717
   5.906014  0.024479
   5.938358  0.001564
   5.970702  0.212495
   6.003046  0.080999
   6.035390  0.229401
   6.067734  0.090419
   6.100078  0.324575
   6.132422  0.090934
   6.164766  0.093636
   6.197110  0.207002
   6.229454  0.285019
   6.261798 -0.057929
   6.294142  0.037181
   6.326486  0.076297
   6.358830  0.225906
   6.391174 -0.177396
   6.423518  0.207646
   6.455862  0.101068
   6.488206  0.200742
   6.520550  0.063819
   6.552894 -0.062284
   6.585238  0.103607
   6.617582  0.327830
   6.649926 -0.097656
   6.682270 -0.021163
   6.714614 -0.009637
   6.746958  0.080717
   6.779302 -0.037880
   6.811646  0.024698
   6.843990  0.059015
   6.876334  0.246690
   6.908678 -0.015361
   6.941022  0.025525
   6.973366  0.099842
   7.005710  0.187823
   7.038054 -0.028411
   7.070398 -0.030460
   7.102742 -0.060329
   7.135086  0.211574
   7.167430 -0.082673
   7.199774  0.196541
   7.232118  0.062935
   7.264462  0.195738
   7.296806  0.019974
   7.329150 -0.102111
   7.361494  0.204571
   7.393838  0.202616
   7.426182 -0.060329
   7.458526 -0.010299
   7.490870  0.064932
   7.523214  0.156310
   7.555558 -0.037690
   7.587902  0.055298
   7.620246  0.035682
   7.652590  0.104595
   7.684934 -0.033834
   7.717278 -0.109054
   7.749622  0.010666
   7.781966  0.185325
   7.814310 -0.012712
   7.846654  0.018299
   7.878998 -0.008267
   7.911342  0.241028
   7.943686 -0.099074
   7.976030  0.197666
   8.008374  0.093132
   8.040718  0.332589
   8.073062  0.083433
   8.105406  0.042115
   8.137750  0.116093
   8.170094  0.031762
   8.202438 -0.175888
   8.234782 -0.075169
   8.267126  0.068540
   8.299470  0.173614
   8.331814 -0.091991
   8.364158  0.035522
   8.396502 -0.051003
   8.428846  0.288913
   8.461190  0.078852
   8.493534  0.155091
   8.525878 -0.059761
   8.558222  0.161926
   8.590566  0.003146
   8.622910  0.151285
   8.655254  0.117972
   8.687598 -0.013361
   8.719942  0.002279
   8.752286 -0.008069
   8.784630 -0.004946
   8.816974  0.038688
   8.849318 -0.107297
   8.881662 -0.063918
   8.914006 -0.035390
   8.946350  0.220442
   8.978694 -0.038848
   9.011038  0.101461
   9.043382  0.169287
   9.075726  0.232873
   9.108070 -0.139860
   9.140414 -0.046562
   9.172758  0.040608
   9.205102  0.032100
   9.237446 -0.003880
   9.269790  0.056789
   9.302134  0.051747
   9.334478  0.069030
   9.366822 -0.041850
   9.399166  0.015830
   9.431510 -0.051292
   9.463854  0.173366
   9.496198 -0.100795
   9.528542  0.144581
   9.560886  0.028005
   9.593230  0.052485
   9.625574 -0.129421
   9.657918 -0.113821
   9.690262  0.064324
   9.722606  0.073412
   9.754950 -0.101933
   9.787294 -0.132539
   9.819638  0.082302
   9.851982  0.012473
   9.884326  0.096216
   9.916670 -0.087770
   9.949014  0.030912
   9.981358  0.198121
  10.013702 -0.008684
  10.046046 -0.024180
  10.078390  0.012314
  10.110734  0.054895
  10.143078 -0.024096
  10.175422 -0.066572
  10.207766 -0.036233
  10.240110  0.262715
  10.272454 -0.067231
  10.304798 -0.014317
  10.337142  0.031797
  10.369486  0.175358
  10.401830 -0.063169
  10.434174  0.024110
  10.466518  0.005828
  10.498862  0.061689
  10.531206 -0.048612
  10.563550  0.035077
  10.595894  0.047779
  10.628238  0.090392
  10.660582  0.033234
  10.692926  0.029463
  10.725270  0.171114
  10.757614  0.222616
  10.789958  0.094353
  10.822302  0.173578
  10.854646  0.224701
  10.886990  0.361995
  10.919334  0.055095
  10.951678  0.194835
  10.984022  0.179505
  11.016366  0.343781
  11.048710 -0.014106
  11.081054  0.303034
  11.113398  0.381888
  11.145742  0.511190
  11.178086 -0.008405
  11.210430  0.089191
  11.242774  0.199153
  11.275118  0.394944
  11.307462  0.074569
  11.339806  0.230979
  11.372150  0.235611
  11.404494  0.388448
  11.436838  0.043622
  11.469182  0.183298
  11.501526  0.276242
  11.533870  0.164637
  11.566214  0.227666
  11.598558  0.266193
  11.630902  0.173684
  11.663246  0.246546
  11.695590  0.237892
  11.727934  0.253082
  11.760278  0.161206
  11.792622  0.191119
  11.824966  0.069809
  11.857310  0.191330
  11.889654  0.210548
  11.921998  0.250848
  11.954342 -0.013580
  11.986686  0.165439
  12.019030  0.228055
  12.051374  0.323566
  12.083718  0.103494
  12.116062  0.121654
  12.148406  0.261016
  12.180750  0.241094
  12.213094 -0.010883
  12.245438  0.149934
  12.277782  0.079525
  12.310126  0.288945
  12.342470  0.102610
  12.374814  0.114002
  12.407158  0.106170
  12.439502  0.309688
  12.471846  0.059889
  12.504190  0.157154
  12.536534  0.260611
  12.568878  0.412415
  12.601222 -0.037944
  12.633566  0.168216
  12.665910  0.262300
  12.698254  0.326082
  12.730598  0.102185
  12.762942  0.055550
  12.795286  0.184037
  12.827630  0.260520
  12.859974  0.081671
  12.892318  0.367422
  12.924662  0.146154
  12.957006  0.365332
  12.989350  0.020470
  13.021694  0.380510
  13.054038  0.139449
  13.086382  0.416836
  13.118726  0.112508
  13.151070  0.059322
  13.183414  0.025539
  13.215758  0.363878
  13.248102  0.127336
  13.280446  0.183536
  13.312790  0.304453
  13.345134  0.235964
  13.377478  0.150038
  13.409822  0.062103
  13.442166  0.141752
  13.474510  0.179223
  13.506854  0.049665
  13.539198  0.134522
  13.571542  0.195736
  13.603886  0.299991
  13.636230  0.020367
  13.668574  0.005884
  13.700918  0.220056
  13.733262  0.334110
  13.765606  0.074549
  13.797950  0.331548
  13.830294  0.258668
  13.862638  0.306577
  13.894982  0.081852
  13.927326  0.233345
  13.959670  0.220758
  13.992014  0.239666
  14.024358  0.094102
  14.056702  0.279430
  14.089046  0.148141
  14.121390  0.286421
  14.153734  0.160809
  14.186078  0.188822
  14.218422  0.047598
  14.250766  0.336888
  14.283110 -0.012629
  14.315454  0.273730
  14.347798  0.254680
  14.380142  0.357618
  14.412486  0.009692
  14.444830  0.117791
  14.477174  0.124676
  14.509518  0.199132
  14.541862  0.061771
  14.574206  0.195854
  14.606550  0.206977
  14.638894  0.295081
  14.671238  0.211299
  14.703582  0.243062
  14.735926  0.221951
  14.768270  0.285019
  14.800614  0.091286
  14.832958  0.296462
  14.865302  0.286649
  14.897646  0.277674
  14.929990 -0.055159
  14.962334  0.166886
  14.994678  0.266449
  15.027022  0.257060
  15.059366 -0.011448
  15.091710  0.172112
  15.124054  0.234542
  15.156398  0.323761
  15.188742  0.190200
  15.221086  0.146300
  15.253430  0.046444
  15.285774  0.205086
  15.318118  0.130852
  15.350462  0.159459
  15.382806  0.033785
  15.415150  0.287455
  15.447494  0.074601
  15.479838  0.266527
  15.512182  0.130256
  15.544526  0.295008
  15.576870 -0.037017
  15.609214  0.040409
  15.641558  0.094592
  15.673902  0.260774
  15.706246  0.013490
  15.738590  0.136644
  15.770934  0.201300
  15.803278  0.203678
  15.835622 -0.033403
  15.867966  0.056425
  15.900310  0.144318
  15.932654  0.252914
  15.964998  0.176498
  15.997342  0.199143
  16.029686  0.219993
  16.062030  0.229296
  16.094374  0.167153
  16.126718  0.115042
  16.159062  0.053816
  16.191406  0.251609
  16.223750  0.051006
  16.256094  0.154458
  16.288438  0.257049
  16.320782  0.230623
  16.353126  0.116113
  16.385470  0.105697
  16.417814  0.055387
  16.450158  0.244284
  16.482502  0.032666
  16.514846  0.264272
  16.547190  0.117245
  16.579534  0.449209
  16.611878  0.066285
  16.644222  0.247331
  16.676566  0.239027
  16.708910  0.177033
  16.741254  0.123178
  16.773598  0.179770
  16.805942  0.165441
  16.838286  0.287039
  16.870630  0.004774
  16.902974  0.040796
  16.935318  0.101214
  16.967662  0.220951
  17.000006  0.021534
  17.032350 -0.035987
  17.064694  0.095004
  17.097038  0.265938
  17.129382  0.100822
  17.161726  0.125149
  17.194070  0.157587
  17.226414  0.306749
  17.258758 -0.017362
  17.291102  0.175701
  17.323446  0.242047
  17.355790  0.396606
  17.388134  0.079697
  17.420478  0.157930
  17.452822  0.211364
  17.485166  0.361490
  17.517510  0.114508
  17.549854  0.313145
  17.582198  0.294574
  17.614542  0.223081
  17.646886  0.056225
  17.679230  0.177487
  17.711574  0.308555
  17.743918  0.164486
  17.776262  0.176513
  17.808606  0.177443
  17.840950  0.091265
  17.873294  0.245843
  17.905638  0.179261
  17.937982  0.226471
  17.970326  0.192232
  18.002670  0.295958
  18.035014  0.062103
  18.067358  0.191568
  18.099702  0.198395
  18.132046  0.436135
  18.164390 -0.070534
  18.196734  0.138755
  18.229078  0.148790
  18.261422  0.374436
  18.293766  0.075375
  18.326110  0.354918
  18.358454  0.197771
  18.390798  0.360236
  18.423142  0.129835
  18.455486  0.092819
  18.487830  0.164304
  18.520174  0.274491
  18.552518  0.002549
  18.584862  0.104128
  18.617206  0.208247
  18.649550  0.186574
  18.681894  0.101867
  18.714238 -0.027264
  18.746582  0.332230
  18.778926  0.195967
  18.811270  0.083146
  18.843614  0.069576
  18.875958  0.059117
  18.908302  0.313339
  18.940646  0.041746
  18.972990  0.082243
  19.005334  0.250742
  19.037678  0.335330
  19.070022  0.142312
  19.102366  0.204284
  19.134710  0.223987
  19.167054  0.238661
  19.199398  0.171739
  19.231742  0.265607
  19.264086  0.270611
  19.296430  0.391752
  19.328774  0.145853
  19.361118  0.251383
  19.393462  0.123681
  19.425806  0.301125
  19.458150  0.119626
  19.490494  0.081114
  19.522838  0.216047
  19.555182  0.249890
  19.587526  0.112097
  19.619870  0.139318
  19.652214  0.221555
  19.684558  0.208196
  19.716902  0.107521
  19.749246  0.294383
  19.781590  0.202991
  19.813934  0.340186
  19.846278  0.207860
  19.878622  0.183982
  19.910966  0.189258
  19.943310  0.261176
  19.975654  0.167436
  20.007998  0.134155
  20.040342  0.131087
  20.072686  0.410044
  20.105030  0.103563
  20.137374  0.017695
  20.169718  0.209914
  20.202062  0.217805
  20.234406 -0.071763
  20.266750  0.161160
  20.299094  0.249461
  20.331438  0.244530
  20.363782  0.157417
  20.396126  0.038156
  20.428470  0.308837
  20.460814  0.299545
  20.493158  0.214706
  20.525502  0.119393
  20.557846  0.027637
  20.590190  0.248116
  20.622534  0.009591
  20.654878  0.204811
  20.687222  0.243241
  20.719566  0.388556
  20.751910  0.105919
  20.784254  0.348239
  20.816598  0.114271
  20.848942  0.235144
  20.881286  0.098151
  20.913630  0.069184
  20.945974  0.354373
  20.978318  0.273629
  21.010662  0.021567
  21.043006  0.242109
  21.075350  0.264416
  21.107694  0.365813
  21.140038  0.108184
  21.172382  0.208533
  21.204726  0.292811
  21.237070  0.284727
  21.269414 -0.000633
  21.301758  0.066131
  21.334102  0.301185
  21.366446  0.271782
  21.398790  0.146851
  21.431134  0.175531
  21.463478  0.277808
  21.495822  0.298770
  21.528166  0.168905
  21.560510  0.224284
  21.592854  0.130562
  21.625198  0.245327
  21.657542 -0.022492
  21.689886  0.354359
  21.722230  0.194155
  21.754574  0.330037
  21.786918  0.119133
  21.819262  0.227009
  21.851606  0.212749
  21.883950  0.293004
  21.916294  0.068716
  21.948638  0.166517
  21.980982  0.116178
  22.013326  0.302737
  22.045670 -0.017325
  22.078014  0.128446
  22.110358  0.116679
  22.142702  0.144165
  22.175046  0.114249
  22.207390  0.186008
  22.239734  0.173632
  22.272078  0.403248
  22.304422 -0.129387
  22.336766  0.283460
  22.369110  0.210758
  22.401454  0.353907
  22.433798 -0.047718
  22.466142  0.155687
  22.498486  0.181722
  22.530830  0.229622
  22.563174  0.072070
  22.595518  0.127839
  22.627862  0.032892
  22.660206  0.235387
  22.692550 -0.029529
  22.724894  0.079750
  22.757238  0.067018
  22.789582  0.156456
  22.821926  0.071850
  22.854270  0.118490
  22.886614  0.133227
  22.918958  0.249770
  22.951302  0.103880
  22.983646  0.112045
  23.015990  0.184285
  23.048334  0.295518
  23.080678  0.042487
  23.113022  0.102449
  23.145366  0.127751
  23.177710  0.333377
  23.210054  0.098879
  23.242398 -0.036242
  23.274742  0.085865
  23.307086  0.259721
  23.339430 -0.050958
  23.371774  0.053073
  23.404118  0.279010
  23.436462  0.401907
  23.468806  0.178894
  23.501150  0.203742
  23.533494  0.291756
  23.565838  0.255216
  23.598182 -0.182878
  23.630526  0.033218
  23.662870  0.183264
  23.695214  0.185935
  23.727558  0.076542
  23.759902 -0.020678
  23.792246  0.217257
  23.824590  0.122311
  23.856934  0.060020
  23.889278  0.068363
  23.921622  0.058528
  23.953966  0.190880
  23.986310  0.053051
  24.018654  0.153956
  24.050998  0.002784
  24.083342  0.137354
  24.115686 -0.009750
  24.148030  0.063534
  24.180374 -0.036233
  24.212718  0.211741
  24.245062  0.058866
  24.277406  0.107714
  24.309750  0.041733
  24.342094  0.287039
  24.374438 -0.068580
  24.406782  0.158326
  24.439126  0.086560
  24.471470  0.185276
  24.503814 -0.032156
  24.536158  0.083283
  24.568502  0.291439
  24.600846  0.102681
  24.633190  0.015796
  24.665534  0.137502
  24.697878  0.244934
  24.730222  0.245503
  24.762566  0.034546
  24.794910  0.051906
  24.827254  0.122939
  24.859598  0.203786
  24.891942 -0.132787
  24.924286  0.050625
  24.956630  0.160809
  24.988974  0.297908
  25.021318  0.003500
  25.053662  0.132948
  25.086006  0.178895
  25.118350  0.315005
  25.150694  0.173632
  25.183038  0.123744
  25.215382 -0.027488
  25.247726  0.407400
  25.280070  0.025157
  25.312414  0.147984
  25.344758  0.030146
  25.377102  0.150994
  25.409446  0.164903
  25.441790  0.116441
  25.474134  0.164777
  25.506478  0.165189
  25.538822 -0.053408
  25.571166  0.079471
  25.603510  0.125840
  25.635854  0.274393
  25.668198 -0.015626
  25.700542 -0.013749
  25.732886  0.072938
  25.765230  0.190072
  25.797574  0.136069
  25.829918  0.064820
  25.862262  0.066877
  25.894606  0.268628
  25.926950 -0.003881
  25.959294  0.155123
  25.991638  0.056789
  26.023982  0.266072
  26.056326  0.036372
  26.088670  0.049370
  26.121014  0.128183
  26.153358  0.173189
  26.185702 -0.039737
  26.218046  0.173384
  26.250390  0.102539
  26.282734  0.270611
  26.315078  0.029834
  26.347422  0.106264
  26.379766  0.054365
  26.412110  0.175381
  26.444454  0.023490
  26.476798  0.213316
  26.509142  0.204594
  26.541486  0.283391
  26.573830  0.089232
  26.606174  0.081394
  26.638518  0.119550
  26.670862  0.291436
  26.703206 -0.052637
  26.735550  0.064025
  26.767894  0.125103
  26.800238  0.296837
  26.832582  0.029685
  26.864926  0.020736
  26.897270  0.178251
  26.929614  0.214706
  26.961958  0.009436
  26.994302  0.065676
  27.026646  0.099128
  27.058990  0.378916
  27.091334  0.233709
  27.123678  0.202488
  27.156022  0.283172
  27.188366  0.133257
  27.220710  0.011039
  27.253054  0.306921
  27.285398  0.198447
  27.317742  0.267608