 Eloss (eV)  Counts/s
 -38.840292 -0.065409
 -38.807948 -0.038749
 -38.775604  0.076453
 -38.743260 -0.047079
 -38.710916 -0.036625
 -38.678572  0.027431
 -38.646228  0.004155
 -38.613884 -0.198291
 -38.581540 -0.036802
 -38.549196 -0.138848
 -38.516852  0.040129
 -38.484508 -0.128092
 -38.452164 -0.026467
 -38.419820 -0.053347
 -38.387476  0.119142
 -38.355132 -0.126972
 -38.322788 -0.046126
 -38.290444 -0.056028
 -38.258100  0.178847
 -38.225756 -0.211773
 -38.193412 -0.051423
 -38.161068 -0.180963
 -38.128724  0.006266
 -38.096380 -0.122310
 -38.064036 -0.014815
 -38.031692 -0.238054
 -37.999348 -0.048579
 -37.967004 -0.219540
 -37.934660 -0.129239
 -37.902316 -0.094929
 -37.869972  0.040384
 -37.837628 -0.196586
 -37.805284 -0.215266
 -37.772940 -0.029840
 -37.740596  0.004811
 -37.708252 -0.163072
 -37.675908 -0.140445
 -37.643564 -0.056340
 -37.611220  0.122672
 -37.578876 -0.292780
 -37.546532 -0.125572
 -37.514188  0.142638
 -37.481844 -0.037936
 -37.449500 -0.178220
 -37.417156 -0.157182
 -37.384812 -0.117334
 -37.352468  0.058313
 -37.320124 -0.226249
 -37.287780 -0.111671
 -37.255436 -0.034613
 -37.223092  0.041979
 -37.190748 -0.145396
 -37.158404 -0.186008
 -37.126060 -0.116494
 -37.093716  0.054299
 -37.061372 -0.223420
 -37.029028  0.010179
 -36.996684 -0.183182
 -36.964340 -0.050250
 -36.931996 -0.238598
 -36.899652 -0.070139
 -36.867308 -0.073627
 -36.834964  0.093917
 -36.802620 -0.000276
 -36.770276 -0.073268
 -36.737932 -0.004634
 -36.705588  0.117171
 -36.673244 -0.376133
 -36.640900 -0.039788
 -36.608556 -0.158834
 -36.576212  0.046533
 -36.543868 -0.283971
 -36.511524 -0.194724
 -36.479180 -0.165610
 -36.446836 -0.051236
 -36.414492 -0.287827
 -36.382148 -0.197138
 -36.349804 -0.225172
 -36.317460  0.100347
 -36.285116 -0.280327
 -36.252772 -0.013326
 -36.220428 -0.170073
 -36.188084  0.018177
 -36.155740 -0.186395
 -36.123396 -0.010839
 -36.091052 -0.138056
 -36.058708  0.071402
 -36.026364 -0.119259
 -35.994020  0.058485
 -35.961676 -0.112520
 -35.929332  0.126385
 -35.896988 -0.141894
 -35.864644 -0.155830
 -35.832300 -0.114224
 -35.799956  0.048316
 -35.767612 -0.176673
 -35.735268 -0.143589
 -35.702924 -0.372625
 -35.670580 -0.024563
 -35.638236 -0.199512
 -35.605892 -0.148370
 -35.573548 -0.088065
 -35.541204 -0.009996
 -35.508860 -0.201303
 -35.476516 -0.087688
 -35.444172 -0.153642
 -35.411828  0.189071
 -35.379484 -0.195291
 -35.347140 -0.102132
 -35.314796 -0.277492
 -35.282452 -0.023994
 -35.250108 -0.121301
 -35.217764 -0.130067
 -35.185420 -0.184064
 -35.153076  0.054515
 -35.120732 -0.088443
 -35.088388 -0.183294
 -35.056044 -0.268790
 -35.023700  0.107436
 -34.991356 -0.259276
 -34.959012 -0.085252
 -34.926668 -0.249476
 -34.894324  0.169936
 -34.861980 -0.164468
 -34.829636 -0.156093
 -34.797292 -0.114517
 -34.764948  0.102139
 -34.732604 -0.074661
 -34.700260 -0.087930
 -34.667916 -0.239757
 -34.635572 -0.089280
 -34.603228 -0.158921
 -34.570884 -0.144299
 -34.538540 -0.331229
 -34.506196 -0.067123
 -34.473852 -0.394499
 -34.441508 -0.038883
 -34.409164 -0.214196
 -34.376820  0.168522
 -34.344476 -0.099744
 -34.312132  0.000177
 -34.279788 -0.123269
 -34.247444 -0.082444
 -34.215100 -0.352465
 -34.182756 -0.117618
 -34.150412 -0.304515
 -34.118068  0.000403
 -34.085724 -0.213839
 -34.053380 -0.181118
 -34.021036 -0.155487
 -33.988692  0.111063
 -33.956348 -0.283160
 -33.924004 -0.200563
 -33.891660 -0.243095
 -33.859316 -0.128578
 -33.826972 -0.205914
 -33.794628 -0.209888
 -33.762284 -0.152810
 -33.729940  0.012290
 -33.697596 -0.247880
 -33.665252 -0.173066
 -33.632908 -0.087822
 -33.600564  0.214899
 -33.568220 -0.376290
 -33.535876 -0.115630
 -33.503532 -0.103798
 -33.471188  0.212914
 -33.438844 -0.224660
 -33.406500 -0.084446
 -33.374156 -0.235885
 -33.341812 -0.015015
 -33.309468 -0.170541
 -33.277124  0.106904
 -33.244780 -0.104679
 -33.212436  0.024315
 -33.180092 -0.414444
 -33.147748 -0.293010
 -33.115404 -0.191247
 -33.083060 -0.191000
 -33.050716 -0.137093
 -33.018372 -0.099271
 -32.986028 -0.028467
 -32.953684  0.119108
 -32.921340 -0.293010
 -32.888996 -0.158791
 -32.856652 -0.116208
 -32.824308  0.037404
 -32.791964 -0.266061
 -32.759620 -0.065827
 -32.727276 -0.059345
 -32.694932  0.029061
 -32.662588 -0.301106
 -32.630244 -0.060988
 -32.597900 -0.221492
 -32.565556  0.184268
 -32.533212 -0.289293
 -32.500868 -0.137356
 -32.468524 -0.195294
 -32.436180  0.069087
 -32.403836 -0.260892
 -32.371492 -0.158137
 -32.339148 -0.029669
 -32.306804  0.036308
 -32.274460 -0.090192
 -32.242116 -0.064335
 -32.209772 -0.085341
 -32.177428  0.072295
 -32.145084 -0.120635
 -32.112740  0.013385
 -32.080396 -0.126856
 -32.048052  0.041258
 -32.015708 -0.175630
 -31.983364 -0.101778
 -31.951020 -0.157613
 -31.918676 -0.054071
 -31.886332 -0.254098
 -31.853988 -0.150169
 -31.821644 -0.234943
 -31.789300  0.052879
 -31.756956 -0.304326
 -31.724612 -0.184201
 -31.692268 -0.007753
 -31.659924  0.010049
 -31.627580 -0.248324
 -31.595236 -0.028657
 -31.562892 -0.172019
 -31.530548  0.043172
 -31.498204 -0.193035
 -31.465860 -0.203618
 -31.433516 -0.179354
 -31.401172  0.072488
 -31.368828 -0.260696
 -31.336484 -0.175581
 -31.304140 -0.048765
 -31.271796  0.038481
 -31.239452 -0.259244
 -31.207108 -0.164869
 -31.174764 -0.089382
 -31.142420  0.006712
 -31.110076 -0.204450
 -31.077732 -0.130067
 -31.045388 -0.154856
 -31.013044  0.099109
 -30.980700 -0.226476
 -30.948356 -0.225235
 -30.916012 -0.213237
 -30.883668 -0.080440
 -30.851324 -0.171113
 -30.818980 -0.074661
 -30.786636 -0.151530
 -30.754292  0.206128
 -30.721948 -0.287827
 -30.689604 -0.095049
 -30.657260 -0.114509
 -30.624916  0.119409
 -30.592572 -0.393310
 -30.560228 -0.200054
 -30.527884 -0.219621
 -30.495540 -0.115908
 -30.463196 -0.241245
 -30.430852 -0.048595
 -30.398508 -0.103673
 -30.366164 -0.032187
 -30.333820 -0.236229
 -30.301476 -0.129239
 -30.269132 -0.186716
 -30.236788  0.092961
 -30.204444 -0.251788
 -30.172100 -0.147136
 -30.139756 -0.202573
 -30.107412 -0.096281
 -30.075068 -0.077825
 -30.042724 -0.131781
 -30.010380 -0.192288
 -29.978036 -0.043184
 -29.945692 -0.245961
 -29.913348 -0.208852
 -29.881004 -0.220676
 -29.848660  0.069254
 -29.816316 -0.280454
 -29.783972 -0.143237
 -29.751628 -0.151695
 -29.719284 -0.073007
 -29.686940 -0.328336
 -29.654596 -0.116490
 -29.622252 -0.217660
 -29.589908  0.035407
 -29.557564 -0.198443
 -29.525220  0.016945
 -29.492876 -0.091916
 -29.460532  0.085498
 -29.428188 -0.175986
 -29.395844 -0.138553
 -29.363500 -0.213157
 -29.331156  0.016079
 -29.298812 -0.191965
 -29.266468 -0.021558
 -29.234124 -0.141732
 -29.201780 -0.031340
 -29.169436 -0.104995
 -29.137092 -0.248668
 -29.104748 -0.035740
 -29.072404  0.019754
 -29.040060 -0.230324
 -29.007716  0.040953
 -28.975372 -0.188662
 -28.943028 -0.069223
 -28.910684 -0.136228
 -28.878340  0.057599
 -28.845996 -0.088983
 -28.813652 -0.073186
 -28.781308 -0.160494
 -28.748964  0.081348
 -28.716620 -0.142002
 -28.684276 -0.113656
 -28.651932 -0.163899
 -28.619588 -0.029825
 -28.587244 -0.211399
 -28.554900 -0.024860
 -28.522556 -0.285183
 -28.490212 -0.091984
 -28.457868 -0.031258
 -28.425524  0.031681
 -28.393180 -0.273319
 -28.360836 -0.111092
 -28.328492 -0.107126
 -28.296148 -0.006006
 -28.263804 -0.244689
 -28.231460 -0.113658
 -28.199116 -0.080985
 -28.166772  0.119540
 -28.134428 -0.106330
 -28.102084 -0.133205
 -28.069740 -0.124446
 -28.037396  0.021991
 -28.005052 -0.332964
 -27.972708 -0.194243
 -27.940364 -0.195207
 -27.908020 -0.044033
 -27.875676 -0.264217
 -27.843332 -0.083075
 -27.810988 -0.217967
 -27.778644  0.135373
 -27.746300 -0.099653
 -27.713956  0.011911
 -27.681612 -0.101764
 -27.649268  0.166686
 -27.616924 -0.154061
 -27.584580 -0.123834
 -27.552236 -0.239065
 -27.519892  0.025808
 -27.487548 -0.177842
 -27.455204 -0.051611
 -27.422860 -0.047463
 -27.390516 -0.017946
 -27.358172 -0.290902
 -27.325828 -0.113939
 -27.293484 -0.019740
 -27.261140  0.104165
 -27.228796 -0.143108
 -27.196452 -0.081542
 -27.164108 -0.130663
 -27.131764  0.139422
 -27.099420 -0.170582
 -27.067076  0.012821
 -27.034732 -0.139561
 -27.002388  0.098856
 -26.970044 -0.083375
 -26.937700 -0.111664
 -26.905356 -0.227827
 -26.873012 -0.036802
 -26.840668 -0.212532
 -26.808324 -0.046057
 -26.775980 -0.144269
 -26.743636  0.170630
 -26.711292 -0.174602
 -26.678948 -0.086234
 -26.646604 -0.038825
 -26.614260  0.104601
 -26.581916 -0.216701
 -26.549572 -0.171369
 -26.517228 -0.090732
 -26.484884  0.014464
 -26.452540 -0.255804
 -26.420196 -0.133260
 -26.387852 -0.192868
 -26.355508  0.136665
 -26.323164 -0.120735
 -26.290820  0.039356
 -26.258476 -0.141035
 -26.226132  0.096633
 -26.193788 -0.329257
 -26.161444 -0.083909
 -26.129100 -0.119606
 -26.096756  0.074181
 -26.064412 -0.186150
 -26.032068 -0.120752
 -25.999724  0.005410
 -25.967380  0.196387
 -25.935036 -0.042225
 -25.902692 -0.109127
 -25.870348 -0.087468
 -25.838004  0.119342
 -25.805660 -0.241209
 -25.773316 -0.175440
 -25.740972 -0.055587
 -25.708628  0.027431
 -25.676284 -0.140817
 -25.643940 -0.055015
 -25.611596 -0.150700
 -25.579252 -0.028775
 -25.546908 -0.156962
 -25.514564 -0.083171
 -25.482220  0.036725
 -25.449876  0.111860
 -25.417532 -0.088145
 -25.385188 -0.046852
 -25.352844 -0.026921
 -25.320500  0.037799
 -25.288156 -0.072769
 -25.255812  0.046470
 -25.223468 -0.012127
 -25.191124  0.123967
 -25.158780 -0.101488
 -25.126436 -0.089101
 -25.094092  0.089771
 -25.061748 -0.021932
 -25.029404 -0.157874
 -24.997060  0.056244
 -24.964716  0.046372
 -24.932372  0.251770
 -24.900028 -0.244392
 -24.867684 -0.159654
 -24.835340 -0.021487
 -24.802996  0.012544
 -24.770652 -0.173008
 -24.738308 -0.120746
 -24.705964 -0.121880
 -24.673620  0.034097
 -24.641276 -0.141704
 -24.608932 -0.087579
 -24.576588 -0.100660
 -24.544244  0.078530
 -24.511900 -0.257013
 -24.479556 -0.010249
 -24.447212 -0.090980
 -24.414868  0.142274
 -24.382524  0.038067
 -24.350180 -0.081510
 -24.317836 -0.070400
 -24.285492  0.159485
 -24.253148 -0.138010
 -24.220804 -0.033804
 -24.188460  0.003244
 -24.156116  0.156512
 -24.123772 -0.171170
 -24.091428 -0.074459
 -24.059084 -0.270430
 -24.026740  0.299275
 -23.994396  0.004488
 -23.962052 -0.066391
 -23.929708 -0.153150
 -23.897364  0.080773
 -23.865020 -0.240863
 -23.832676  0.101064
 -23.800332 -0.191001
 -23.767988  0.255094
 -23.735644 -0.006979
 -23.703300 -0.036714
 -23.670956 -0.180300
 -23.638612  0.141761
 -23.606268 -0.252978
 -23.573924  0.098652
 -23.541580 -0.028947
 -23.509236  0.259173
 -23.476892 -0.240364
 -23.444548 -0.019420
 -23.412204 -0.084507
 -23.379860  0.209071
 -23.347516 -0.093878
 -23.315172 -0.026114
 -23.282828 -0.006929
 -23.250484  0.140415
 -23.218140 -0.379190
 -23.185796 -0.031788
 -23.153452 -0.002878
 -23.121108  0.109679
 -23.088764 -0.103730
 -23.056420 -0.174216
 -23.024076  0.002550
 -22.991732  0.071718
 -22.959388 -0.123006
 -22.927044  0.015552
 -22.894700  0.001297
 -22.862356 -0.016247
 -22.830012 -0.024949
 -22.797668 -0.057105
 -22.765324 -0.050607
 -22.732980 -0.048463
 -22.700636 -0.121331
 -22.668292 -0.172615
 -22.635948 -0.124975
 -22.603604  0.116320
 -22.571260 -0.069069
 -22.538916 -0.020212
 -22.506572  0.116907
 -22.474228  0.087919
 -22.441884 -0.167151
 -22.409540 -0.034127
 -22.377196  0.377555
 -22.344852  0.158939
 -22.312508 -0.168743
 -22.280164 -0.168807
 -22.247820 -0.002091
 -22.215476  0.194763
 -22.183132 -0.188022
 -22.150788 -0.030825
 -22.118444 -0.053434
 -22.086100  0.053403
 -22.053756 -0.027464
 -22.021412  0.034306
 -21.989068 -0.097261
 -21.956724  0.114389
 -21.924380  0.005427
 -21.892036 -0.085697
 -21.859692 -0.145641
 -21.827348  0.070789
 -21.795004 -0.036270
 -21.762660 -0.079448
 -21.730316 -0.141652
 -21.697972  0.153754
 -21.665628 -0.243130
 -21.633284  0.006852
 -21.600940 -0.040846
 -21.568596  0.157101
 -21.536252 -0.114790
 -21.503908 -0.033316
 -21.471564  0.041852
 -21.439220  0.194331
 -21.406876 -0.086291
 -21.374532 -0.007598
 -21.342188  0.086662
 -21.309844  0.210410
 -21.277500 -0.134009
 -21.245156 -0.115642
 -21.212812 -0.182051
 -21.180468  0.079650
 -21.148124 -0.126395
 -21.115780  0.030049
 -21.083436 -0.172219
 -21.051092  0.178163
 -21.018748 -0.119892
 -20.986404  0.015120
 -20.954060 -0.012148
 -20.921716  0.065512
 -20.889372  0.065833
 -20.857028 -0.041559
 -20.824684 -0.039863
 -20.792340  0.129222
 -20.759996 -0.130923
 -20.727652 -0.058270
 -20.695308  0.108812
 -20.662964  0.247101
 -20.630620 -0.295439
 -20.598276 -0.019360
 -20.565932 -0.046581
 -20.533588  0.048757
 -20.501244 -0.227032
 -20.468900  0.038067
 -20.436556  0.058683
 -20.404212  0.142792
 -20.371868 -0.130112
 -20.339524 -0.027315
 -20.307180  0.157881
 -20.274836  0.234471
 -20.242492 -0.103764
 -20.210148 -0.043145
 -20.177804 -0.061030
 -20.145460  0.182997
 -20.113116 -0.051487
 -20.080772  0.090272
 -20.048428 -0.113371
 -20.016084  0.094069
 -19.983740 -0.056654
 -19.951396 -0.101502
 -19.919052 -0.024742
 -19.886708  0.094694
 -19.854364  0.012181
 -19.822020  0.032541
 -19.789676 -0.042619
 -19.757332  0.173608
 -19.724988 -0.214864
 -19.692644 -0.088145
 -19.660300  0.001952
 -19.627956  0.058832
 -19.595612  0.000055
 -19.563268  0.024891
 -19.530924 -0.049390
 -19.498580  0.103516
 -19.466236 -0.045806
 -19.433892 -0.006403
 -19.401548 -0.103567
 -19.369204  0.150445
 -19.336860 -0.001521
 -19.304516  0.004393
 -19.272172 -0.112229
 -19.239828  0.222077
 -19.207484 -0.154248
 -19.175140 -0.100936
 -19.142796 -0.008212
 -19.110452  0.166532
 -19.078108 -0.216065
 -19.045764  0.015072
 -19.013420  0.002209
 -18.981076  0.180703
 -18.948732 -0.257507
 -18.916388  0.141152
 -18.884044  0.013421
 -18.851700  0.072094
 -18.819356 -0.038258
 -18.787012 -0.012719
 -18.754668 -0.200464
 -18.722324  0.158238
 -18.689980 -0.174794
 -18.657636 -0.061811
 -18.625292 -0.130403
 -18.592948  0.136073
 -18.560604 -0.086291
 -18.528260  0.026513
 -18.495916 -0.023625
 -18.463572  0.099977
 -18.431228 -0.092364
 -18.398884 -0.095789
 -18.366540  0.017771
 -18.334196  0.195693
 -18.301852 -0.035582
 -18.269508  0.098824
 -18.237164 -0.223985
 -18.204820  0.105342
 -18.172476 -0.077788
 -18.140132  0.203638
 -18.107788 -0.032914
 -18.075444  0.154133
 -18.043100 -0.284434
 -18.010756 -0.037446
 -17.978412 -0.049215
 -17.946068  0.127766
 -17.913724 -0.191813
 -17.881380 -0.000276
 -17.849036 -0.113089
 -17.816692  0.103861
 -17.784348 -0.087316
 -17.752004 -0.009641
 -17.719660 -0.067430
 -17.687316  0.248958
 -17.654972 -0.059689
 -17.622628 -0.027247
 -17.590284 -0.076032
 -17.557940  0.068024
 -17.525596  0.006810
 -17.493252  0.029915
 -17.460908 -0.094948
 -17.428564  0.106994
 -17.396220 -0.187632
 -17.363876 -0.009934
 -17.331532 -0.163448
 -17.299188  0.245919
 -17.266844 -0.215731
 -17.234500  0.018783
 -17.202156 -0.103996
 -17.169812  0.163571
 -17.137468 -0.194566
 -17.105124 -0.004472
 -17.072780 -0.002409
 -17.040436  0.258864
 -17.008092 -0.276282
 -16.975748 -0.028793
 -16.943404  0.022814
 -16.911060  0.215623
 -16.878716  0.053785
 -16.846372  0.100001
 -16.814028 -0.005865
 -16.781684  0.118123
 -16.749340 -0.031495
 -16.716996 -0.007205
 -16.684652  0.009764
 -16.652308  0.173152
 -16.619964 -0.045806
 -16.587620 -0.037865
 -16.555276 -0.109513
 -16.522932  0.148994
 -16.490588 -0.121847
 -16.458244 -0.105728
 -16.425900 -0.147072
 -16.393556  0.217203
 -16.361212 -0.127640
 -16.328868  0.080117
 -16.296524 -0.065835
 -16.264180  0.210605
 -16.231836 -0.068582
 -16.199492  0.024817
 -16.167148 -0.071400
 -16.134804  0.313335
 -16.102460  0.046865
 -16.070116  0.056326
 -16.037772  0.071170
 -16.005428  0.221501
 -15.973084 -0.052559
 -15.940740 -0.020920
 -15.908396 -0.009495
 -15.876052  0.213479
 -15.843708  0.096844
 -15.811364  0.050781
 -15.779020  0.063217
 -15.746676  0.123093
 -15.714332 -0.070660
 -15.681988 -0.023666
 -15.649644 -0.068749
 -15.617300  0.198326
 -15.584956 -0.064795
 -15.552612 -0.056907
 -15.520268 -0.021531
 -15.487924  0.238605
 -15.455580 -0.203753
 -15.423236  0.051416
 -15.390892 -0.061394
 -15.358548  0.119307
 -15.326204 -0.011974
 -15.293860  0.029637
 -15.261516 -0.082462
 -15.229172  0.427802
 -15.196828 -0.000955
 -15.164484 -0.052115
 -15.132140  0.143409
 -15.099796  0.121539
 -15.067452 -0.131698
 -15.035108  0.167956
 -15.002764 -0.092137
 -14.970420  0.099000
 -14.938076 -0.162363
 -14.905732  0.039196
 -14.873388 -0.095865
 -14.841044  0.049887
 -14.808700 -0.180049
 -14.776356 -0.015894
 -14.744012 -0.057616
 -14.711668  0.195384
 -14.679324  0.005943
 -14.646980 -0.030972
 -14.614636 -0.045982
 -14.582292  0.127598
 -14.549948 -0.091323
 -14.517604  0.054486
 -14.485260  0.015120
 -14.452916  0.249729
 -14.420572 -0.105989
 -14.388228 -0.067737
 -14.355884 -0.036957
 -14.323540  0.062651
 -14.291196 -0.214233
 -14.258852  0.098436
 -14.226508  0.071349
 -14.194164  0.087248
 -14.161820 -0.050745
 -14.129476 -0.030889
 -14.097132 -0.098193
 -14.064788  0.255399
 -14.032444 -0.170073
 -14.000100 -0.073875
 -13.967756  0.008229
 -13.935412  0.230444
 -13.903068 -0.076808
 -13.870724 -0.141732
 -13.838380  0.020619
 -13.806036 -0.016814
 -13.773692 -0.198125
 -13.741348 -0.125014
 -13.709004  0.001555
 -13.676660  0.249714
 -13.644316 -0.119275
 -13.611972 -0.010800
 -13.579628  0.049272
 -13.547284  0.199847
 -13.514940 -0.136761
 -13.482596 -0.140791
 -13.450252  0.047750
 -13.417908  0.139326
 -13.385564 -0.203029
 -13.353220 -0.024770
 -13.320876  0.059664
 -13.288532  0.174481
 -13.256188 -0.068657
 -13.223844  0.008965
 -13.191500  0.080031
 -13.159156  0.268947
 -13.126812 -0.045437
 -13.094468  0.064722
 -13.062124 -0.056030
 -13.029780  0.099213
 -12.997436 -0.098416
 -12.965092 -0.083139
 -12.932748 -0.090980
 -12.900404  0.072672
 -12.868060 -0.071182
 -12.835716  0.056757
 -12.803372  0.138018
 -12.771028  0.066233
 -12.738684  0.005138
 -12.706340 -0.063614
 -12.673996 -0.000053
 -12.641652  0.129947
 -12.609308 -0.074540
 -12.576964 -0.130971
 -12.544620 -0.170254
 -12.512276  0.192686
 -12.479932 -0.245703
 -12.447588 -0.175774
 -12.415244 -0.096166
 -12.382900  0.221847
 -12.350556 -0.120453
 -12.318212  0.007761
 -12.285868  0.104987
 -12.253524  0.287680
 -12.221180 -0.067364
 -12.188836  0.087758
 -12.156492 -0.026680
 -12.124148  0.017733
 -12.091804 -0.120153
 -12.059460  0.016859
 -12.027116 -0.035265
 -11.994772  0.183374
 -11.962428 -0.010607
 -11.930084 -0.065518
 -11.897740 -0.048030
 -11.865396  0.157053
 -11.833052 -0.136122
 -11.800708  0.008425
 -11.768364 -0.055891
 -11.736020  0.251969
 -11.703676 -0.164886
 -11.671332  0.031115
 -11.638988  0.005943
 -11.606644  0.205066
 -11.574300 -0.123031
 -11.541956  0.081369
 -11.509612  0.048232
 -11.477268  0.232380
 -11.444924 -0.062497
 -11.412580 -0.039981
 -11.380236 -0.102607
 -11.347892  0.187598
 -11.315548 -0.001747
 -11.283204  0.053828
 -11.250860  0.010275
 -11.218516  0.268806
 -11.186172  0.025030
 -11.153828 -0.081972
 -11.121484 -0.034360
 -11.089140  0.194420
 -11.056796 -0.138453
 -11.024452 -0.025308
 -10.992108  0.035844
 -10.959764  0.144852
 -10.927420 -0.084147
 -10.895076 -0.094545
 -10.862732  0.022770
 -10.830388  0.132394
 -10.798044 -0.191153
 -10.765700 -0.093042
 -10.733356 -0.015977
 -10.701012  0.081524
 -10.668668 -0.072254
 -10.636324 -0.049357
 -10.603980  0.077958
 -10.571636  0.105927
 -10.539292 -0.040242
 -10.506948 -0.006315
 -10.474604 -0.062378
 -10.442260  0.133179
 -10.409916 -0.086799
 -10.377572  0.038942
 -10.345228 -0.021962
 -10.312884  0.075877
 -10.280540 -0.174080
 -10.248196 -0.026768
 -10.215852  0.029492
 -10.183508  0.373435
 -10.151164 -0.114791
 -10.118820  0.010812
 -10.086476  0.016208
 -10.054132  0.170772
 -10.021788 -0.151493
  -9.989444  0.130434
  -9.957100 -0.077072
  -9.924756  0.190687
  -9.892412 -0.065101
  -9.860068 -0.009431
  -9.827724  0.041470
  -9.795380  0.123967
  -9.763036  0.049813
  -9.730692  0.009777
  -9.698348  0.145467
  -9.666004  0.071924
  -9.633660  0.022264
  -9.601316 -0.024627
  -9.568972 -0.086128
  -9.536628  0.237230
  -9.504284 -0.097261
  -9.471940  0.091283
  -9.439596 -0.030406
  -9.407252  0.197446
  -9.374908 -0.095515
  -9.342564  0.106667
  -9.310220  0.090383
  -9.277876  0.184268
  -9.245532 -0.175509
  -9.213188  0.034458
  -9.180844 -0.015797
  -9.148500  0.007606
  -9.116156 -0.105821
  -9.083812 -0.090194
  -9.051468 -0.134945
  -9.019124  0.029128
  -8.986780  0.079621
  -8.954436 -0.095303
  -8.922092  0.015729
  -8.889748  0.203176
  -8.857404 -0.183884
  -8.825060 -0.007859
  -8.792716 -0.088225
  -8.760372  0.176513
  -8.728028 -0.136965
  -8.695684  0.102035
  -8.663340  0.005978
  -8.630996 -0.094340
  -8.598652 -0.036400
  -8.566308 -0.030815
  -8.533964 -0.027206
  -8.501620  0.223222
  -8.469276 -0.202855
  -8.436932 -0.016623
  -8.404588  0.099000
  -8.372244  0.049171
  -8.339900 -0.106382
  -8.307556  0.027844
  -8.275212  0.124948
  -8.242868  0.071958
  -8.210524 -0.069641
  -8.178180  0.003188
  -8.145836  0.024177
  -8.113492  0.387252
  -8.081148 -0.026132
  -8.048804  0.001658
  -8.016460 -0.036392
  -7.984116  0.150108
  -7.951772 -0.182752
  -7.919428 -0.002313
  -7.887084 -0.005268
  -7.854740  0.184731
  -7.822396  0.037307
  -7.790052 -0.042649
  -7.757708  0.049309
  -7.725364  0.183267
  -7.693020 -0.234975
  -7.660676  0.161163
  -7.628332  0.038560
  -7.595988  0.166245
  -7.563644 -0.070921
  -7.531300  0.024326
  -7.498956 -0.131198
  -7.466612  0.253231
  -7.434268 -0.172557
  -7.401924 -0.144057
  -7.369580 -0.123843
  -7.337236  0.203594
  -7.304892 -0.206209
  -7.272548  0.162164
  -7.240204  0.113317
  -7.207860  0.220140
  -7.175516 -0.057082
  -7.143172 -0.006956
  -7.110828 -0.043469
  -7.078484  0.175164
  -7.046140 -0.171394
  -7.013796 -0.008566
  -6.981452  0.023963
  -6.949108  0.145103
  -6.916764 -0.107126
  -6.884420  0.019299
  -6.852076  0.155057
  -6.819732  0.049121
  -6.787388  0.048348
  -6.755044  0.217085
  -6.722700 -0.046084
  -6.690356  0.043830
  -6.658012 -0.183000
  -6.625668  0.057822
  -6.593324  0.216967
  -6.560980  0.085128
  -6.528636  0.024212
  -6.496292  0.043414
  -6.463948 -0.051170
  -6.431604  0.054448
  -6.399260 -0.020212
  -6.366916 -0.014549
  -6.334572  0.117512
  -6.302228  0.260200
  -6.269884 -0.012719
  -6.237540 -0.035826
  -6.205196 -0.032679
  -6.172852  0.210086
  -6.140508 -0.054578
  -6.108164  0.053749
  -6.075820 -0.113096
  -6.043476  0.022830
  -6.011132 -0.103361
  -5.978788  0.089793
  -5.946444  0.018996
  -5.914100  0.143919
  -5.881756  0.036129
  -5.849412  0.086501
  -5.817068  0.131548
  -5.784724  0.074744
  -5.752380  0.065873
  -5.720036 -0.118467
  -5.687692 -0.215799
  -5.655348  0.026297
  -5.623004 -0.265049
  -5.590660 -0.049847
  -5.558316 -0.167099
  -5.525972  0.079031
  -5.493628 -0.188793
  -5.461284  0.069689
  -5.428940 -0.357263
  -5.396596  0.040025
  -5.364252 -0.173788
  -5.331908 -0.078280
  -5.299564 -0.003460
  -5.267220  0.082678
  -5.234876 -0.147136
  -5.202532 -0.002202
  -5.170188 -0.132586
  -5.137844  0.130519
  -5.105500 -0.085638
  -5.073156 -0.056827
  -5.040812 -0.011047
  -5.008468  0.123237
  -4.976124 -0.289768
  -4.943780 -0.064386
  -4.911436 -0.094756
  -4.879092  0.177855
  -4.846748 -0.048031
  -4.814404  0.024658
  -4.782060 -0.011229
  -4.749716  0.206668
  -4.717372 -0.048030
  -4.685028 -0.081476
  -4.652684 -0.048778
  -4.620340  0.168661
  -4.587996 -0.222092
  -4.555652 -0.122773
  -4.523308 -0.069507
  -4.490964  0.015032
  -4.458620 -0.088144
  -4.426276 -0.175653
  -4.393932 -0.011742
  -4.361588  0.091997
  -4.329244 -0.151758
  -4.296900 -0.032270
  -4.264556 -0.068564
  -4.232212  0.187335
  -4.199868 -0.193101
  -4.167524 -0.090781
  -4.135180  0.040643
  -4.102836  0.025375
  -4.070492 -0.106575
  -4.038148 -0.009641
  -4.005804 -0.131216
  -3.973460 -0.072435
  -3.941116 -0.154462
  -3.908772  0.070969
  -3.876428 -0.006632
  -3.844084  0.090790
  -3.811740 -0.042081
  -3.779396 -0.100311
  -3.747052 -0.053940
  -3.714708  0.125838
  -3.682364 -0.163673
  -3.650020  0.099109
  -3.617676  0.090659
  -3.585332  0.083980
  -3.552988 -0.125303
  -3.520644  0.185702
  -3.488300 -0.058915
  -3.455956  0.117767
  -3.423612 -0.061969
  -3.391268  0.025662
  -3.358924 -0.005945
  -3.326580  0.048882
  -3.294236 -0.017661
  -3.261892  0.006811
  -3.229548  0.030810
  -3.197204  0.166537
  -3.164860 -0.016776
  -3.132516  0.175164
  -3.100172 -0.000271
  -3.067828  0.166526
  -3.035484 -0.072399
  -3.003140 -0.000731
  -2.970796 -0.056537
  -2.938452  0.102201
  -2.906108 -0.118480
  -2.873764  0.125857
  -2.841420 -0.105803
  -2.809076  0.154759
  -2.776732 -0.078235
  -2.744388  0.088836
  -2.712044 -0.253105
  -2.679700  0.117932
  -2.647356 -0.141599
  -2.615012  0.011188
  -2.582668 -0.151458
  -2.550324  0.093287
  -2.517980 -0.185272
  -2.485636  0.026229
  -2.453292 -0.105710
  -2.420948  0.101376
  -2.388604 -0.051927
  -2.356260  0.089433
  -2.323916 -0.091501
  -2.291572  0.089092
  -2.259228 -0.128949
  -2.226884  0.012983
  -2.194540 -0.108951
  -2.162196  0.233941
  -2.129852 -0.194991
  -2.097508 -0.082041
  -2.065164 -0.102532
  -2.032820  0.119896
  -2.000476 -0.282227
  -1.968132  0.014693
  -1.935788 -0.149603
  -1.903444  0.037903
  -1.871100 -0.005497
  -1.838756 -0.035423
  -1.806412 -0.148936
  -1.774068  0.194173
  -1.741724 -0.038597
  -1.709380 -0.025130
  -1.677036 -0.148902
  -1.644692  0.167978
  -1.612348 -0.084115
  -1.580004 -0.004023
  -1.547660 -0.131503
  -1.515316 -0.056262
  -1.482972 -0.167398
  -1.450628  0.107414
  -1.418284 -0.091916
  -1.385940  0.072308
  -1.353596 -0.165553
  -1.321252  0.059794
  -1.288908 -0.039147
  -1.256564  0.261539
  -1.224220  0.034723
  -1.191876 -0.039788
  -1.159532  0.173616
  -1.127188  0.127519
  -1.094844 -0.222126
  -1.062500 -0.124697
  -1.030156 -0.092113
  -0.997812  0.223881
  -0.965468 -0.111119
  -0.933124 -0.082107
  -0.900780  0.081655
  -0.868436  0.126189
  -0.836092 -0.088895
  -0.803748 -0.034210
  -0.771404  0.000062
  -0.739060  0.053718
  -0.706716 -0.121319
  -0.674372 -0.204898
  -0.642028 -0.044635
  -0.609684  0.035799
  -0.577340 -0.027553
  -0.544996  0.013732
  -0.512652 -0.102645
  -0.480308 -0.009415
  -0.447964 -0.217039
  -0.415620  0.001944
  -0.383276 -0.244702
  -0.350932  0.191338
  -0.318588 -0.078206
  -0.286244  0.042652
  -0.253900 -0.095496
  -0.221556  0.362498
  -0.189212  0.130763
  -0.156868  0.361977
  -0.124524  0.719841
  -0.092180  2.478325
  -0.059836  4.066907
  -0.027492  5.999008
   0.004852  6.513535
   0.037196  5.511986
   0.069540  3.517498
   0.101884  2.197474
   0.134228  0.987770
   0.166572  0.812723
   0.198916  0.482218
   0.231260  0.184268
   0.263604  0.422651
   0.295948  0.574420
   0.328292  0.376999
   0.360636  0.738121
   0.392980  0.454377
   0.425324  0.617820
   0.457668  0.450409
   0.490012  0.490807
   0.522356  0.402252
   0.554700  0.730726
   0.587044  0.779951
   0.619388  1.033202
   0.651732  0.774903
   0.684076  1.085474
   0.716420  1.107782
   0.748764  1.655890
   0.781108  2.003961
   0.813452  2.289581
   0.845796  2.481314
   0.878140  3.378965
   0.910484  4.433496
   0.942828  6.332803
   0.975172  7.012175
   1.007516  8.279806
   1.039860 10.280894
   1.072204 11.368930
   1.104548 12.481671
   1.136892 12.989629
   1.169236 12.373714
   1.201580 10.845895
   1.233924  9.499291
   1.266268  8.047611
   1.298612  6.552439
   1.330956  5.283313
   1.363300  4.193115
   1.395644  3.677236
   1.427988  3.167936
   1.460332  3.139874
   1.492676  2.886970
   1.525020  2.987312
   1.557364  2.981896
   1.589708  3.933058
   1.622052  3.687678
   1.654396  4.863688
   1.686740  5.031977
   1.719084  5.985382
   1.751428  5.819070
   1.783772  6.110631
   1.816116  6.233482
   1.848460  6.013563
   1.880804  5.088505
   1.913148  3.940444
   1.945492  3.266261
   1.977836  3.032363
   2.010180  2.712465
   2.042524  2.594515
   2.074868  2.595449
   2.107212  2.982643
   2.139556  2.218416
   2.171900  2.095758
   2.204244  2.231947
   2.236588  2.396059
   2.268932  2.115984
   2.301276  2.440739
   2.333620  2.628618
   2.365964  2.657353
   2.398308  2.200956
   2.430652  1.929407
   2.462996  2.214205
   2.495340  2.494672
   2.527684  2.386169
   2.560028  2.056247
   2.592372  2.003214
   2.624716  2.599356
   2.657060  2.693207
   2.689404  2.532545
   2.721748  2.796665
   2.754092  2.440394
   2.786436  2.044550
   2.818780  2.278467
   2.851124  1.876747
   2.883468  2.181531
   2.915812  2.092803
   2.948156  2.446044
   2.980500  2.060289
   3.012844  2.290238
   3.045188  1.842087
   3.077532  1.815632
   3.109876  1.775562
   3.142220  2.099986
   3.174564  1.560950
   3.206908  1.490006
   3.239252  1.674803
   3.271596  1.699520
   3.303940  1.216308
   3.336284  1.327761
   3.368628  1.437839
   3.400972  1.314406
   3.433316  1.202115
   3.465660  1.413041
   3.498004  1.292058
   3.530348  1.690603
   3.562692  1.011928
   3.595036  1.019890
   3.627380  1.137731
   3.659724  1.328155
   3.692068  1.294782
   3.724412  0.994530
   3.756756  1.053186
   3.789100  1.205349
   3.821444  0.972382
   3.853788  1.285727
   3.886132  1.113215
   3.918476  1.475688
   3.950820  0.970217
   3.983164  0.955642
   4.015508  1.045528
   4.047852  0.983529
   4.080196  0.750011
   4.112540  0.824162
   4.144884  0.713976
   4.177228  0.815293
   4.209572  0.683308
   4.241916  0.783023
   4.274260  0.610437
   4.306604  0.860733
   4.338948  0.666473
   4.371292  0.811256
   4.403636  0.772215
   4.435980  0.865731
   4.468324  0.431173
   4.500668  0.415851
   4.533012  0.457227
   4.565356  0.696404
   4.597700  0.412451
   4.630044  0.461736
   4.662388  0.524322
   4.694732  0.803471
   4.727076  0.741048
   4.759420  0.678347
   4.791764  0.546266
   4.824108  0.559376
   4.856452  0.269082
   4.888796  0.441922
   4.921140  0.293878
   4.953484  0.522617
   4.985828  0.379933
   5.018172  0.324316
   5.050516  0.252528
   5.082860  0.445282
   5.115204  0.118041
   5.147548  0.266829
   5.179892  0.178965
   5.212236  0.197830
   5.244580  0.196861
   5.276924  0.256064
   5.309268  0.211180
   5.341612  0.366815
   5.373956  0.093708
   5.406300  0.332558
   5.438644  0.332679
   5.470988  0.525884
   5.503332  0.147120
   5.535676  0.264469
   5.568020  0.186236
   5.600364  0.427659
   5.632708  0.093056
   5.665052  0.244881
   5.697396  0.092741
   5.729740  0.441430
   5.762084  0.216662
   5.794428  0.304793
   5.826772  0.090090
   5.859116  0.425652
   5.891460  0.024101
   5.923804  0.260608
   5.956148 -0.008212
   5.988492  0.348423
   6.020836 -0.041660
   6.053180  0.128492
   6.085524  0.180704
   6.117868  0.367079
   6.150212 -0.027072
   6.182556  0.181294
   6.214900  0.089680
   6.247244  0.431151
   6.279588  0.202935
   6.311932  0.286544
   6.344276  0.000173
   6.376620  0.304719
   6.408964  0.326406
   6.441308  0.226705
   6.473652  0.043785
   6.505996  0.431549
   6.538340  0.066771
   6.570684  0.031323
   6.603028  0.147662
   6.635372  0.227166
   6.667716 -0.112800
   6.700060  0.066427
   6.732404  0.083047
   6.764748  0.285760
   6.797092  0.073625
   6.829436  0.086644
   6.861780  0.061888
   6.894124  0.122175
   6.926468  0.130722
   6.958812  0.065018
   6.991156  0.044829
   7.023500  0.199030
   7.055844  0.038634
   7.088188  0.137892
   7.120532  0.085528
   7.152876  0.220366
   7.185220 -0.062478
   7.217564 -0.020589
   7.249908  0.013587
   7.282252  0.162571
   7.314596 -0.055536
   7.346940  0.043442
   7.379284  0.016338
   7.411628  0.295250
   7.443972 -0.069039
   7.476316  0.108347
   7.508660  0.045805
   7.541004  0.323186
   7.573348 -0.181369
   7.605692  0.097868
   7.638036  0.088365
   7.670380  0.230555
   7.702724 -0.047395
   7.735068 -0.024890
   7.767412  0.179179
   7.799756  0.299646
   7.832100 -0.086204
   7.864444  0.130680
   7.896788  0.046552
   7.929132  0.207287
   7.961476 -0.076318
   7.993820  0.089092
   8.026164  0.037251
   8.058508  0.275777
   8.090852 -0.086601
   8.123196  0.118617
   8.155540  0.185119
   8.187884  0.195664
   8.220228 -0.055950
   8.252572  0.047668
   8.284916 -0.065261
   8.317260  0.140770
   8.349604  0.026866
   8.381948 -0.073364
   8.414292 -0.119028
   8.446636  0.119508
   8.478980 -0.045835
   8.511324  0.045643
   8.543668  0.010526
   8.576012  0.160050
   8.608356 -0.097731
   8.640700  0.020891
   8.673044  0.103773
   8.705388  0.185577
   8.737732 -0.131216
   8.770076  0.098223
   8.802420 -0.028275
   8.834764  0.114188
   8.867108 -0.027270
   8.899452  0.075693
   8.931796 -0.011175
   8.964140  0.273629
   8.996484 -0.001183
   9.028828  0.011724
   9.061172  0.008548
   9.093516 -0.010607
   9.125860 -0.031870
   9.158204 -0.043786
   9.190548 -0.045280
   9.222892  0.248596
   9.255236 -0.104894
   9.287580 -0.006390
   9.319924 -0.058754
   9.352268 -0.012050
   9.384612 -0.152583
   9.416956  0.018600
   9.449300 -0.056712
   9.481644  0.173616
   9.513988 -0.106026
   9.546332  0.012417
   9.578676 -0.099468
   9.611020  0.152606
   9.643364 -0.059715
   9.675708  0.009832
   9.708052  0.007761
   9.740396  0.135350
   9.772740 -0.159972
   9.805084  0.048518
   9.837428 -0.036557
   9.869772  0.342135
   9.902116  0.043785
   9.934460  0.083389
   9.966804  0.100633
   9.999148  0.049234
  10.031492  0.000373
  10.063836 -0.046674
  10.096180 -0.020684
  10.128524  0.025161
  10.160868 -0.204245
  10.193212  0.018082
  10.225556  0.157448
  10.257900  0.144489
  10.290244  0.012948
  10.322588  0.054833
  10.354932 -0.012877
  10.387276  0.142584
  10.419620 -0.104287
  10.451964  0.060621
  10.484308  0.008499
  10.516652  0.133020
  10.548996 -0.200067
  10.581340  0.101793
  10.613684  0.044996
  10.646028  0.225701
  10.678372 -0.113126
  10.710716  0.103992
  10.743060  0.118942
  10.775404  0.361349
  10.807748 -0.030203
  10.840092  0.209681
  10.872436  0.248077
  10.904780  0.364511
  10.937124  0.122908
  10.969468  0.087413
  11.001812  0.162122
  11.034156  0.225815
  11.066500  0.052868
  11.098844  0.264185
  11.131188  0.239947
  11.163532  0.215597
  11.195876  0.056157
  11.228220  0.238991
  11.260564  0.157789
  11.292908  0.390420
  11.325252 -0.019006
  11.357596  0.272267
  11.389940  0.183402
  11.422284  0.398770
  11.454628 -0.028381
  11.486972  0.180929
  11.519316 -0.016873
  11.551660  0.235579
  11.584004  0.050107
  11.616348  0.267083
  11.648692  0.110676
  11.681036  0.330523
  11.713380 -0.055400
  11.745724  0.160158
  11.778068  0.163236
  11.810412  0.434023
  11.842756  0.053779
  11.875100  0.194920
  11.907444  0.175868
  11.939788  0.386521
  11.972132  0.140701
  12.004476  0.265318
  12.036820  0.093917
  12.069164  0.368511
  12.101508  0.107904
  12.133852  0.184326
  12.166196  0.180861
  12.198540  0.303094
  12.230884  0.104428
  12.263228  0.230334
  12.295572  0.154988
  12.327916  0.415926
  12.360260  0.106161
  12.392604  0.184371
  12.424948  0.191164
  12.457292  0.328275
  12.489636  0.162703
  12.521980  0.195636
  12.554324  0.091977
  12.586668  0.305360
  12.619012  0.027927
  12.651356  0.274580
  12.683700  0.173961
  12.716044  0.360254
  12.748388  0.108125
  12.780732  0.075691
  12.813076  0.287159
  12.845420  0.356971
  12.877764  0.028993
  12.910108  0.516461
  12.942452  0.148599
  12.974796  0.353161
  13.007140  0.175038
  13.039484  0.122908
  13.071828  0.241438
  13.104172  0.328772
  13.136516  0.111404
  13.168860  0.231367
  13.201204  0.205264
  13.233548  0.387873
  13.265892  0.152920
  13.298236  0.356020
  13.330580  0.031898
  13.362924  0.339981
  13.395268  0.033755
  13.427612  0.212349
  13.459956 -0.001182
  13.492300  0.475936
  13.524644 -0.017808
  13.556988  0.153835
  13.589332  0.095679
  13.621676  0.413525
  13.654020  0.173755
  13.686364  0.285529
  13.718708  0.210167
  13.751052  0.398688
  13.783396  0.073233
  13.815740  0.240518
  13.848084  0.207901
  13.880428  0.265988
  13.912772  0.103861
  13.945116  0.203549
  13.977460  0.124548
  14.009804  0.327270
  14.042148  0.012290
  14.074492  0.102335
  14.106836  0.168665
  14.139180  0.379576
  14.171524  0.030548
  14.203868  0.196824
  14.236212  0.195896
  14.268556  0.425440
  14.300900  0.047832
  14.333244  0.224452
  14.365588  0.138302
  14.397932  0.441976
  14.430276  0.171067
  14.462620  0.217651
  14.494964  0.084761
  14.527308  0.421082
  14.559652  0.128656
  14.591996  0.237175
  14.624340  0.066427
  14.656684  0.386219
  14.689028  0.040798
  14.721372  0.249208
  14.753716  0.159404
  14.786060  0.472551
  14.818404 -0.048196
  14.850748  0.160872
  14.883092  0.177594
  14.915436  0.388784
  14.947780  0.137355
  14.980124  0.034575
  15.012468  0.091487
  15.044812  0.401790
  15.077156  0.106994
  15.109500  0.332642
  15.141844  0.167678
  15.174188  0.212968
  15.206532 -0.054242
  15.238876  0.300938
  15.271220  0.121469
  15.303564  0.374686
  15.335908  0.360462
  15.368252  0.198835
  15.400596  0.248902
  15.432940  0.479764
  15.465284  0.080782
  15.497628  0.236233
  15.529972  0.219000
  15.562316  0.394320
  15.594660 -0.034128
  15.627004  0.178144
  15.659348  0.009141
  15.691692  0.299463
  15.724036  0.091358
  15.756380  0.175854
  15.788724  0.173764
  15.821068  0.341856
  15.853412  0.048595
  15.885756  0.207335
  15.918100  0.074934
  15.950444  0.336192
  15.982788  0.067744
  16.015132  0.253692
  16.047476  0.043422
  16.079820  0.425003
  16.112164  0.119542
  16.144508  0.156512
  16.176852  0.115178
  16.209196  0.501640
  16.241540  0.177210
  16.273884  0.267696
  16.306228  0.239088
  16.338572  0.322940
  16.370916  0.032894
  16.403260  0.290155
  16.435604  0.209077
  16.467948  0.452118
  16.500292  0.053149
  16.532636  0.240977
  16.564980  0.071531
  16.597324  0.369557
  16.629668  0.081421
  16.662012  0.206907
  16.694356  0.133940
  16.726700  0.140022
  16.759044  0.148924
  16.791388  0.046552
  16.823732  0.232380
  16.856076  0.439076
  16.888420  0.058706
  16.920764  0.261922
  16.953108  0.198844
  16.985452  0.387970
  17.017796  0.161874
  17.050140  0.228178
  17.082484  0.169088
  17.114828  0.313790
  17.147172  0.046575
  17.179516  0.188899
  17.211860  0.070796
  17.244204  0.252369
  17.276548 -0.068871
  17.308892  0.251732
  17.341236  0.282951
  17.373580  0.299771
  17.405924  0.179453
  17.438268  0.254505
  17.470612 -0.010100
  17.502956  0.326261
  17.535300  0.169937
  17.567644  0.188714
  17.599988  0.099096
  17.632332  0.388542
  17.664676  0.067773
  17.697020  0.161729
  17.729364 -0.035344
  17.761708  0.407781
  17.794052  0.112822
  17.826396  0.168662
  17.858740  0.145467
  17.891084  0.304868
  17.923428  0.074367
  17.955772  0.235012
  17.988116  0.188165
  18.020460  0.455506
  18.052804  0.130590
  18.085148  0.206472
  18.117492  0.150369
  18.149836  0.305138
  18.182180  0.043739
  18.214524  0.179277
  18.246868  0.150938
  18.279212  0.228624
  18.311556  0.018799
  18.343900  0.270686
  18.376244  0.240977
  18.408588  0.406739
  18.440932  0.099977
  18.473276  0.193476
  18.505620  0.232596
  18.537964  0.380612
  18.570308  0.072880
  18.602652  0.209320
  18.634996  0.053381
  18.667340  0.372546
  18.699684  0.003008
  18.732028  0.141338
  18.764372  0.239773
  18.796716  0.414854
  18.829060  0.151318
  18.861404  0.143306
  18.893748  0.219116
  18.926092  0.325320
  18.958436  0.139518
  18.990780  0.233272
  19.023124  0.168803
  19.055468  0.316487
  19.087812  0.175804
  19.120156  0.235883
  19.152500  0.128007
  19.184844  0.347752
  19.217188  0.059491
  19.249532  0.260115
  19.281876  0.114698
  19.314220  0.424337
  19.346564  0.035077
  19.378908  0.224234
  19.411252  0.205439
  19.443596  0.335486
  19.475940  0.058240
  19.508284  0.161990
  19.540628  0.039923
  19.572972  0.360797
  19.605316  0.048843
  19.637660  0.183699
  19.670004  0.099213
  19.702348  0.370370
  19.734692  0.030259
  19.767036  0.226600
  19.799380  0.087837
  19.831724  0.267294
  19.864068  0.155205
  19.896412  0.148365
  19.928756  0.111290
  19.961100  0.269463
  19.993444  0.058092
  20.025788  0.120739
  20.058132  0.247872
  20.090476  0.383202
  20.122820  0.172309
  20.155164  0.158752
  20.187508  0.145181
  20.219852  0.270321
  20.252196 -0.083406
  20.284540  0.130993
  20.316884  0.126983
  20.349228  0.332989
  20.381572  0.189838
  20.413916  0.221869
  20.446260  0.302451
  20.478604  0.311593
  20.510948  0.098438
  20.543292  0.281819
  20.575636  0.141606
  20.607980  0.309470
  20.640324  0.169371
  20.672668  0.182807
  20.705012  0.257550
  20.737356  0.368748
  20.769700  0.196024
  20.802044  0.254533
  20.834388  0.295667
  20.866732  0.337750
  20.899076 -0.022004
  20.931420  0.180727
  20.963764  0.060909
  20.996108  0.288218
  21.028452  0.040230
  21.060796  0.317260
  21.093140  0.149427
  21.125484  0.393639
  21.157828  0.055677
  21.190172  0.278554
  21.222516  0.173477
  21.254860  0.277987
  21.287204 -0.032342
  21.319548  0.220701
  21.351892  0.229504
  21.384236  0.272856
  21.416580  0.121589
  21.448924  0.171597
  21.481268  0.164361
  21.513612  0.341875
  21.545956  0.291356
  21.578300  0.037514
  21.610644 -0.029754
  21.642988  0.272999
  21.675332  0.097410
  21.707676  0.215978
  21.740020  0.121963
  21.772364  0.265127
  21.804708 -0.002874
  21.837052  0.224558
  21.869396  0.083506
  21.901740  0.349867
  21.934084  0.105077
  21.966428  0.132467
  21.998772  0.058510
  22.031116  0.266443
  22.063460  0.072850
  22.095804  0.146966
  22.128148  0.122578
  22.160492  0.410795
  22.192836  0.023963
  22.225180  0.188069
  22.257524  0.212434
  22.289868  0.288536
  22.322212  0.016208
  22.354556  0.242149
  22.386900  0.293549
  22.419244  0.223301
  22.451588  0.046616
  22.483932  0.149538
  22.516276 -0.036568
  22.548620  0.449828
  22.580964  0.157125
  22.613308  0.138353
  22.645652 -0.068137
  22.677996  0.203866
  22.710340  0.036100
  22.742684  0.202735
  22.775028  0.136099
  22.807372  0.458310
  22.839716  0.136775
  22.872060  0.159543
  22.904404  0.171769
  22.936748  0.267963
  22.969092  0.129939
  23.001436  0.278772
  23.033780  0.057574
  23.066124  0.445354
  23.098468  0.187900
  23.130812  0.114605
  23.163156  0.080411
  23.195500  0.372466
  23.227844  0.058337
  23.260188  0.115771
  23.292532  0.092904
  23.324876  0.402227
  23.357220  0.032437
  23.389564  0.106398
  23.421908  0.167978
  23.454252  0.266839
  23.486596  0.037006
  23.518940 -0.014916
  23.551284  0.245968
  23.583628  0.348161
  23.615972 -0.079943
  23.648316  0.037251
  23.680660  0.143666
  23.713004  0.344806
  23.745348 -0.016481
  23.777692  0.449307
  23.810036  0.170362
  23.842380  0.247656
  23.874724  0.180975
  23.907068  0.198707
  23.939412  0.114468
  23.971756  0.227168
  24.004100  0.010873
  24.036444  0.216020
  24.068788  0.094400
  24.101132  0.250035
  24.133476 -0.022384
  24.165820  0.152639
  24.198164  0.144747
  24.230508  0.278208
  24.262852 -0.010919
  24.295196  0.182133
  24.327540 -0.102583
  24.359884  0.321490
  24.392228  0.028636
  24.424572  0.145217
  24.456916  0.055480
  24.489260  0.347502
  24.521604  0.100166
  24.553948  0.001860
  24.586292  0.136322
  24.618636  0.345023
  24.650980  0.053948
  24.683324  0.142584
  24.715668  0.031974
  24.748012  0.392406
  24.780356  0.161532
  24.812700  0.187740
  24.845044  0.076450
  24.877388  0.256062
  24.909732  0.070980
  24.942076  0.305652
  24.974420  0.090044
  25.006764  0.336583
  25.039108 -0.044812
  25.071452  0.097558
  25.103796  0.117241
  25.136140  0.320127
  25.168484  0.006110
  25.200828  0.146157
  25.233172  0.098964
  25.265516  0.214610
  25.297860  0.024101
  25.330204  0.096454
  25.362548  0.130917
  25.394892  0.221962
  25.427236 -0.075801
  25.459580  0.144982
  25.491924  0.134114
  25.524268  0.218704
  25.556612  0.048192
  25.588956  0.213656
  25.621300  0.115542
  25.653644  0.187870
  25.685988  0.020083
  25.718332  0.061186
  25.750676  0.086443
  25.783020  0.174631
  25.815364  0.087413
  25.847708  0.306305
  25.880052  0.165192
  25.912396  0.378001
  25.944740  0.093623
  25.977084  0.248982
  26.009428  0.030693
  26.041772  0.299771
  26.074116  0.142943
  26.106460  0.160086
  26.138804  0.173542
  26.171148  0.155596
  26.203492  0.157152
  26.235836  0.208268
  26.268180  0.156537
  26.300524  0.196387
  26.332868 -0.025665
  26.365212  0.141451
  26.397556  0.100250
  26.429900  0.280773
  26.462244 -0.088065
  26.494588  0.134399
  26.526932  0.211542
  26.559276  0.207129
  26.591620  0.094010
  26.623964  0.234667
  26.656308  0.043534
  26.688652  0.266543
  26.720996  0.165978
  26.753340  0.116020
  26.785684  0.331566
  26.818028  0.241649
  26.850372  0.025668
  26.882716  0.191382
  26.915060  0.121277
  26.947404  0.346318
  26.979748  0.038132
  27.012092  0.265879
  27.044436  0.068291
  27.076780  0.233399
  27.109124  0.058313
  27.141468  0.148337
  27.173812  0.048074
  27.206156  0.410186
  27.238500  0.011029
  27.270844  0.242109
  27.303188  0.351155
  27.335532  0.461215
  27.367876  0.086662