 Eigenvalues (eV)
     0.000000e+00
     1.687539e-14
     4.344938e-04
     8.457709e-01
     8.457709e-01
     9.754987e-01
     9.876171e-01
     9.876171e-01
     1.061724e+00
     1.061724e+00
     1.097479e+00
     1.097479e+00
     1.119328e+00
     1.124110e+00
     1.281054e+00
     1.553289e+00
     1.553289e+00
     1.554859e+00
     1.702366e+00
     1.711564e+00
     1.740775e+00
     1.740775e+00
     1.771886e+00
     1.771886e+00
     1.992191e+00
     2.059727e+00
     2.059727e+00
     2.222331e+00
     2.401494e+00
     2.401494e+00
     2.582784e+00
     2.582784e+00
     2.587228e+00
     2.796648e+00
     2.800150e+00
     2.801529e+00
     2.801529e+00
     2.809885e+00
     2.809885e+00
     3.544586e+00
     3.544586e+00
     3.618340e+00
     3.620622e+00
     3.620925e+00
     3.620925e+00
     3.621467e+00
     3.622532e+00
     3.622532e+00
     3.623261e+00
     3.623261e+00
     3.623286e+00
     3.751088e+00
     3.751088e+00
     3.789875e+00
     4.499037e+00
     4.739610e+00
     4.739610e+00
     4.762220e+00
     4.777005e+00
     4.795930e+00
     4.795930e+00
     4.802017e+00
     4.802017e+00
     4.849390e+00
     4.864459e+00
     4.864459e+00
     4.882311e+00
     4.903454e+00
     4.915029e+00
     4.915029e+00
     4.952678e+00
     4.952678e+00
     4.954870e+00
     4.956152e+00
     5.010250e+00
     5.010250e+00
     5.015881e+00
     5.015881e+00
     5.017653e+00
     5.029267e+00
     5.051195e+00
     5.051195e+00
     5.677677e+00
     5.678769e+00
     5.678769e+00
     5.717094e+00
     5.717094e+00
     5.735915e+00
     5.735915e+00
     5.743340e+00
     5.750084e+00
     5.864628e+00
     5.865667e+00
     5.865667e+00
     5.912476e+00
     5.912476e+00
     5.913498e+00
     5.913498e+00
     5.956828e+00
     5.966419e+00
     5.967381e+00
     5.977051e+00
     5.977051e+00
     5.996273e+00
     5.998712e+00
     6.023961e+00
     6.023961e+00
     6.073305e+00
     6.073305e+00
     6.082448e+00
     6.082448e+00
     6.160813e+00
     6.186904e+00
     6.186904e+00
     6.221991e+00
     6.224601e+00
     6.224601e+00
     6.318235e+00
     6.320163e+00
     6.337889e+00
     6.337889e+00
     6.347617e+00
     6.347617e+00
     6.527034e+00
     6.586711e+00
     6.586711e+00
     6.812050e+00
     6.812050e+00
     6.820803e+00
     6.838132e+00
     6.933726e+00
     6.978664e+00
     6.978664e+00
     6.982193e+00
     6.982193e+00
     7.000205e+00
     7.004195e+00
     7.081780e+00
     7.081780e+00
     7.325570e+00
     7.325570e+00
     7.518399e+00
     7.518399e+00
     7.593018e+00
     9.793576e+00
     1.022911e+01
     1.022911e+01
     1.022911e+01
     1.028885e+01
     1.028885e+01
     1.079821e+01
     1.182780e+01
     1.182781e+01
     1.182781e+01
     1.183021e+01
     1.183021e+01
     1.183158e+01
     1.183158e+01
     1.183306e+01
     1.183318e+01
     1.184119e+01
     1.184219e+01
     1.184219e+01
     1.184738e+01
     1.184815e+01
     1.184815e+01
     1.185098e+01
     1.185160e+01
     1.185160e+01
     1.185236e+01
     1.185236e+01
     1.185292e+01
     1.185428e+01
     1.186550e+01
     1.186550e+01
     1.344878e+01
     1.344960e+01
     1.344960e+01
     1.345463e+01
     1.345463e+01
     1.345939e+01
     1.345943e+01
     1.346058e+01
     1.346058e+01
     1.346288e+01
     1.346288e+01
     1.346484e+01
     1.346732e+01
     1.346732e+01
     1.349454e+01