 Eloss (eV)    Int (a.u.)  Int Err (a.u.)
 -38.057940  -3364.767711        0.000000
 -38.026215   -688.920078        0.000000
 -37.994490   -537.678478        0.000000
 -37.962765   -298.785953        0.000000
 -37.931040  -1502.198010        0.000000
 -37.899315   -520.864408        0.000000
 -37.867590   -757.827632        0.000000
 -37.835865   -665.432528        0.000000
 -37.804140  -1290.128493        0.000000
 -37.772415   -364.840036        0.000000
 -37.740690  -1122.447455        0.000000
 -37.708966   -745.293290        0.000000
 -37.677241   -890.412109        0.000000
 -37.645516   -628.653363        0.000000
 -37.613791   -461.599090        0.000000
 -37.582066   -494.561515        0.000000
 -37.550341  -1057.446329        0.000000
 -37.518616   -652.854519        0.000000
 -37.486891   -464.868613        0.000000
 -37.455166   -391.574719        0.000000
 -37.423441  -1074.459072        0.000000
 -37.391716  -1128.001450        0.000000
 -37.359992   -239.089467        0.000000
 -37.328267   -394.841293        0.000000
 -37.296542  -1164.584524        0.000000
 -37.264817  -1248.086122        0.000000
 -37.233092   -643.414627        0.000000
 -37.201367   -609.819985        0.000000
 -37.169642   -901.559334        0.000000
 -37.137917   -819.891467        0.000000
 -37.106192   -507.667722        0.000000
 -37.074467   -116.941344        0.000000
 -37.042742   -787.675671        0.000000
 -37.011017   -457.434489        0.000000
 -36.979293   -263.243105        0.000000
 -36.947568   -393.134018        0.000000
 -36.915843   -926.672582        0.000000
 -36.884118   -633.317977        0.000000
 -36.852393   -640.370853        0.000000
 -36.820668   -932.504592        0.000000
 -36.788943  -1000.545516        0.000000
 -36.757218   -891.336137        0.000000
 -36.725493   -176.969041        0.000000
 -36.693768   -685.451644        0.000000
 -36.662043   -917.541266        0.000000
 -36.630319   -633.802390        0.000000
 -36.598594   -296.088891        0.000000
 -36.566869   -238.199401        0.000000
 -36.535144   -830.081472        0.000000
 -36.503419  -1024.197686        0.000000
 -36.471694   -146.045952        0.000000
 -36.439969      5.570060        2.360097
 -36.408244  -1096.127849        0.000000
 -36.376519   -641.004631        0.000000
 -36.344794   -217.887677        0.000000
 -36.313069   -142.877648        0.000000
 -36.281345  -1300.661048        0.000000
 -36.249620   -804.561261        0.000000
 -36.217895   -487.907213        0.000000
 -36.186170    -44.860744        0.000000
 -36.154445   -875.810135        0.000000
 -36.122720   -523.836864        0.000000
 -36.090995   -460.559428        0.000000
 -36.059270   -218.186769        0.000000
 -36.027545  -1163.897194        0.000000
 -35.995820   -438.078992        0.000000
 -35.964095   -878.285231        0.000000
 -35.932371  -1063.864422        0.000000
 -35.900646  -1971.017846        0.000000
 -35.868921  -1073.774638        0.000000
 -35.837196    157.500218       12.549909
 -35.805471   -354.926457        0.000000
 -35.773746  -1032.090829        0.000000
 -35.742021   -489.883506        0.000000
 -35.710296   -273.489873        0.000000
 -35.678571      8.760558        2.959824
 -35.646846   -860.108181        0.000000
 -35.615121  -1023.419993        0.000000
 -35.583396   -382.743168        0.000000
 -35.551672   -464.136632        0.000000
 -35.519947   -721.743521        0.000000
 -35.488222   -599.880521        0.000000
 -35.456497   -644.603352        0.000000
 -35.424772     60.082581        7.751295
 -35.393047   -654.679022        0.000000
 -35.361322   -541.883202        0.000000
 -35.329597   -431.849780        0.000000
 -35.297872   -273.091912        0.000000
 -35.266147   -989.812968        0.000000
 -35.234422   -419.740491        0.000000
 -35.202698   -609.697591        0.000000
 -35.170973   -581.166244        0.000000
 -35.139248  -1249.680628        0.000000
 -35.107523   -647.337519        0.000000
 -35.075798   -518.901705        0.000000
 -35.044073    110.347812       10.504657
 -35.012348   -728.372718        0.000000
 -34.980623   -487.562541        0.000000
 -34.948898  -1090.708792        0.000000
 -34.917173   -791.401716        0.000000
 -34.885448  -1300.089013        0.000000
 -34.853724   -851.258128        0.000000
 -34.821999   -708.287435        0.000000
 -34.790274     70.111532        8.373263
 -34.758549  -1408.466562        0.000000
 -34.726824   -887.836256        0.000000
 -34.695099   -825.028301        0.000000
 -34.663374   -409.392332        0.000000
 -34.631649  -1422.762609        0.000000
 -34.599924   -463.291320        0.000000
 -34.568199   -658.257091        0.000000
 -34.536474   -723.428046        0.000000
 -34.504750  -1023.350578        0.000000
 -34.473025   -782.896014        0.000000
 -34.441300   -437.886655        0.000000
 -34.409575    -98.976108        0.000000
 -34.377850  -1252.638765        0.000000
 -34.346125   -782.666429        0.000000
 -34.314400   -527.038493        0.000000
 -34.282675   -260.471243        0.000000
 -34.250950  -1136.705169        0.000000
 -34.219225   -438.953752        0.000000
 -34.187500   -607.609847        0.000000
 -34.155775   -476.049027        0.000000
 -34.124051   -856.783933        0.000000
 -34.092326   -733.741369        0.000000
 -34.060601   -522.379866        0.000000
 -34.028876   -404.736119        0.000000
 -33.997151  -1191.525676        0.000000
 -33.965426   -437.919985        0.000000
 -33.933701   -516.602887        0.000000
 -33.901976   -192.282100        0.000000
 -33.870251   -588.121790        0.000000
 -33.838526   -555.145844        0.000000
 -33.806801   -597.710171        0.000000
 -33.775077   -769.162059        0.000000
 -33.743352  -1444.239545        0.000000
 -33.711627  -1056.045640        0.000000
 -33.679902   -757.193100        0.000000
 -33.648177   -945.741461        0.000000
 -33.616452  -1516.818169        0.000000
 -33.584727   -974.401556        0.000000
 -33.553002   -357.549362        0.000000
 -33.521277   -471.912170        0.000000
 -33.489552   -617.976312        0.000000
 -33.457827    -53.794324        0.000000
 -33.426103   -479.689818        0.000000
 -33.394378   -570.647207        0.000000
 -33.362653  -1214.860268        0.000000
 -33.330928   -128.092159        0.000000
 -33.299203   -307.357913        0.000000
 -33.267478   -227.774670        0.000000
 -33.235753  -1364.571674        0.000000
 -33.204028   -538.533195        0.000000
 -33.172303   -378.229065        0.000000
 -33.140578   -643.443491        0.000000
 -33.108853  -1490.313650        0.000000
 -33.077129   -803.330777        0.000000
 -33.045404   -478.382780        0.000000
 -33.013679    593.586111       24.363623
 -32.981954   -652.219531        0.000000
 -32.950229   -490.320387        0.000000
 -32.918504   -803.315777        0.000000
 -32.886779   -170.502202        0.000000
 -32.855054  -1663.864002        0.000000
 -32.823329   -861.694627        0.000000
 -32.791604   -187.126632        0.000000
 -32.759879     -9.275294        0.000000
 -32.728154  -1274.222300        0.000000
 -32.696430   -556.272506        0.000000
 -32.664705     -3.157886        0.000000
 -32.632980   -437.532026        0.000000
 -32.601255  -1110.610259        0.000000
 -32.569530   -616.438413        0.000000
 -32.537805   -646.536772        0.000000
 -32.506080    -82.384572        0.000000
 -32.474355  -1037.847652        0.000000
 -32.442630  -1078.336541        0.000000
 -32.410905   -341.864284        0.000000
 -32.379180   -426.849156        0.000000
 -32.347456   -860.741922        0.000000
 -32.315731   -428.987942        0.000000
 -32.284006   -340.356146        0.000000
 -32.252281   -736.300036        0.000000
 -32.220556  -1115.148324        0.000000
 -32.188831   -644.556603        0.000000
 -32.157106   -530.101195        0.000000
 -32.125381   -620.106450        0.000000
 -32.093656  -1248.753227        0.000000
 -32.061931   -365.785246        0.000000
 -32.030206   -966.954809        0.000000
 -31.998482    -75.766268        0.000000
 -31.966757  -1562.937556        0.000000
 -31.935032   -593.832567        0.000000
 -31.903307   -337.690307        0.000000
 -31.871582   -752.754139        0.000000
 -31.839857   -908.007993        0.000000
 -31.808132   -623.930361        0.000000
 -31.776407   -748.822633        0.000000
 -31.744682   -556.378627        0.000000
 -31.712957  -1066.479939        0.000000
 -31.681232   -859.144780        0.000000
 -31.649508   -286.104403        0.000000
 -31.617783     -0.259308        0.000000
 -31.586058   -707.709636        0.000000
 -31.554333    120.065302       10.957431
 -31.522608   -491.168960        0.000000
 -31.490883   -194.887589        0.000000
 -31.459158  -1063.248928        0.000000
 -31.427433   -544.095489        0.000000
 -31.395708   -418.051514        0.000000
 -31.363983   -206.022499        0.000000
 -31.332258   -719.866810        0.000000
 -31.300533      6.693987        2.587274
 -31.268809   -138.444736        0.000000
 -31.237084   -214.088464        0.000000
 -31.205359  -1078.829030        0.000000
 -31.173634   -341.164049        0.000000
 -31.141909   -653.521120        0.000000
 -31.110184   -346.606797        0.000000
 -31.078459  -1173.073924        0.000000
 -31.046734  -1106.026896        0.000000
 -31.015009   -287.370329        0.000000
 -30.983284   -683.448049        0.000000
 -30.951559   -837.304595        0.000000
 -30.919835   -537.091858        0.000000
 -30.888110    -20.345890        0.000000
 -30.856385   -638.839790        0.000000
 -30.824660   -863.311760        0.000000
 -30.792935   -687.124173        0.000000
 -30.761210   -333.056980        0.000000
 -30.729485   -659.452936        0.000000
 -30.697760  -1152.105637        0.000000
 -30.666035   -516.828332        0.000000
 -30.634310   -545.962028        0.000000
 -30.602585   -260.534143        0.000000
 -30.570861  -1104.846870        0.000000
 -30.539136   -627.000752        0.000000
 -30.507411   -526.231808        0.000000
 -30.475686   -436.273335        0.000000
 -30.443961  -1021.970794        0.000000
 -30.412236   -832.955720        0.000000
 -30.380511    -13.917487        0.000000
 -30.348786   -276.052947        0.000000
 -30.317061   -694.506306        0.000000
 -30.285336   -628.244382        0.000000
 -30.253611   -528.004396        0.000000
 -30.221887  -1152.107018        0.000000
 -30.190162   -636.040071        0.000000
 -30.158437   -766.435111        0.000000
 -30.126712   -284.993610        0.000000
 -30.094987   -300.364043        0.000000
 -30.063262  -1350.701949        0.000000
 -30.031537   -397.370495        0.000000
 -29.999812     42.236475        6.498960
 -29.968087     57.010469        7.550528
 -29.936362   -765.854337        0.000000
 -29.904637   -402.990664        0.000000
 -29.872912   -615.891182        0.000000
 -29.841188    104.015859       10.198817
 -29.809463  -1418.554530        0.000000
 -29.777738   -556.533400        0.000000
 -29.746013    -92.996985        0.000000
 -29.714288   -330.664887        0.000000
 -29.682563  -1529.471693        0.000000
 -29.650838   -433.215486        0.000000
 -29.619113   -372.345921        0.000000
 -29.587388   -376.720886        0.000000
 -29.555663  -1355.030658        0.000000
 -29.523938   -677.024468        0.000000
 -29.492214   -357.815907        0.000000
 -29.460489    313.667295       17.710655
 -29.428764   -991.570280        0.000000
 -29.397039   -693.217985        0.000000
 -29.365314   -501.335930        0.000000
 -29.333589   -133.087440        0.000000
 -29.301864   -851.741651        0.000000
 -29.270139   -771.101223        0.000000
 -29.238414   -692.351939        0.000000
 -29.206689   -870.668364        0.000000
 -29.174964  -1248.554649        0.000000
 -29.143240   -837.587908        0.000000
 -29.111515   -575.844024        0.000000
 -29.079790   -584.470869        0.000000
 -29.048065  -1058.719178        0.000000
 -29.016340  -1086.260115        0.000000
 -28.984615   -394.893959        0.000000
 -28.952890   -691.702266        0.000000
 -28.921165   -890.623587        0.000000
 -28.889440   -584.647539        0.000000
 -28.857715   -389.400544        0.000000
 -28.825990   -455.396294        0.000000
 -28.794266   -885.604741        0.000000
 -28.762541   -733.122028        0.000000
 -28.730816     -7.957779        0.000000
 -28.699091   -305.630562        0.000000
 -28.667366   -509.574908        0.000000
 -28.635641   -431.460771        0.000000
 -28.603916   -559.561021        0.000000
 -28.572191   -533.577204        0.000000
 -28.540466  -1025.818836        0.000000
 -28.508741   -904.965352        0.000000
 -28.477016   -822.038872        0.000000
 -28.445291   -426.980756        0.000000
 -28.413567  -1016.161304        0.000000
 -28.381842   -738.532331        0.000000
 -28.350117   -169.926732        0.000000
 -28.318392   -312.165795        0.000000
 -28.286667   -633.655141        0.000000
 -28.254942   -596.697517        0.000000
 -28.223217   -896.719357        0.000000
 -28.191492   -708.266734        0.000000
 -28.159767   -523.527095        0.000000
 -28.128042   -757.005585        0.000000
 -28.096317   -413.565451        0.000000
 -28.064593    -56.001322        0.000000
 -28.032868   -330.546063        0.000000
 -28.001143   -538.974429        0.000000
 -27.969418   -463.283581        0.000000
 -27.937693   -569.416063        0.000000
 -27.905968  -1201.077203        0.000000
 -27.874243   -635.025630        0.000000
 -27.842518   -391.367172        0.000000
 -27.810793   -206.183623        0.000000
 -27.779068  -1516.432126        0.000000
 -27.747343   -898.546004        0.000000
 -27.715619   -210.766118        0.000000
 -27.683894   -860.572055        0.000000
 -27.652169  -1247.256173        0.000000
 -27.620444   -579.002896        0.000000
 -27.588719   -340.152106        0.000000
 -27.556994    -43.433331        0.000000
 -27.525269  -1119.898322        0.000000
 -27.493544   -655.333599        0.000000
 -27.461819   -554.206297        0.000000
 -27.430094    -63.229926        0.000000
 -27.398369   -745.489602        0.000000
 -27.366645   -214.045893        0.000000
 -27.334920     25.637640        5.063363
 -27.303195   -437.293802        0.000000
 -27.271470  -1022.164735        0.000000
 -27.239745   -850.412077        0.000000
 -27.208020   -871.199517        0.000000
 -27.176295   -666.143400        0.000000
 -27.144570   -624.629871        0.000000
 -27.112845   -712.730755        0.000000
 -27.081120   -568.890531        0.000000
 -27.049395     51.862016        7.201529
 -27.017670   -674.346600        0.000000
 -26.985946   -308.266212        0.000000
 -26.954221   -341.621795        0.000000
 -26.922496     32.873853        5.733572
 -26.890771  -1062.047694        0.000000
 -26.859046   -706.950897        0.000000
 -26.827321   -791.314961        0.000000
 -26.795596   -190.075415        0.000000
 -26.763871  -1199.706042        0.000000
 -26.732146   -852.692661        0.000000
 -26.700421   -293.154057        0.000000
 -26.668696   -264.171885        0.000000
 -26.636972   -968.897933        0.000000
 -26.605247   -722.579133        0.000000
 -26.573522   -430.210530        0.000000
 -26.541797     40.678083        6.377937
 -26.510072   -821.441253        0.000000
 -26.478347   -330.926984        0.000000
 -26.446622   -246.954545        0.000000
 -26.414897    300.810745       17.343896
 -26.383172   -509.427716        0.000000
 -26.351447   -131.167880        0.000000
 -26.319722    160.225140       12.658007
 -26.287998    433.360792       20.817320
 -26.256273   -455.348057        0.000000
 -26.224548    -44.829310        0.000000
 -26.192823     80.271662        8.959445
 -26.161098   -344.137501        0.000000
 -26.129373  -1222.251112        0.000000
 -26.097648   -348.187429        0.000000
 -26.065923   -277.127326        0.000000
 -26.034198     38.441665        6.200134
 -26.002473   -517.503102        0.000000
 -25.970748   -260.765604        0.000000
 -25.939024    -16.698817        0.000000
 -25.907299    294.697461       17.166755
 -25.875574   -502.631345        0.000000
 -25.843849   -518.693642        0.000000
 -25.812124   -154.585551        0.000000
 -25.780399     36.821372        6.068062
 -25.748674  -1011.364321        0.000000
 -25.716949    229.294536       15.142475
 -25.685224   -128.339454        0.000000
 -25.653499    216.308390       14.707426
 -25.621774   -396.089450        0.000000
 -25.590049    179.086911       13.382336
 -25.558325   -492.036604        0.000000
 -25.526600   -340.245966        0.000000
 -25.494875   -544.683009        0.000000
 -25.463150   -317.252797        0.000000
 -25.431425    245.564158       15.670487
 -25.399700    174.660695       13.215926
 -25.367975   -623.139685        0.000000
 -25.336250   -227.928517        0.000000
 -25.304525     -9.882910        0.000000
 -25.272800   -272.109914        0.000000
 -25.241075  -1147.993551        0.000000
 -25.209351   -367.803809        0.000000
 -25.177626    136.868514       11.699082
 -25.145901    -95.344314        0.000000
 -25.114176   -964.425116        0.000000
 -25.082451   -233.335359        0.000000
 -25.050726   -328.580732        0.000000
 -25.019001    -60.351523        0.000000
 -24.987276   -837.889604        0.000000
 -24.955551   -451.267199        0.000000
 -24.923826   -316.099699        0.000000
 -24.892101   -398.206773        0.000000
 -24.860377   -969.883455        0.000000
 -24.828652   -365.677809        0.000000
 -24.796927    246.610880       15.703849
 -24.765202     15.958578        3.994819
 -24.733477   -328.770873        0.000000
 -24.701752   -379.818307        0.000000
 -24.670027     16.235652        4.029349
 -24.638302   -182.253861        0.000000
 -24.606577   -731.526862        0.000000
 -24.574852   -252.184213        0.000000
 -24.543127    -76.633453        0.000000
 -24.511403    240.640993       15.512608
 -24.479678   -730.678432        0.000000
 -24.447953   -351.653659        0.000000
 -24.416228   -456.394332        0.000000
 -24.384503   -266.334457        0.000000
 -24.352778   -443.330063        0.000000
 -24.321053   -414.950828        0.000000
 -24.289328   -188.931449        0.000000
 -24.257603   -497.416585        0.000000
 -24.225878   -483.911006        0.000000
 -24.194153     58.189112        7.628179
 -24.162428    -78.437486        0.000000
 -24.130704     65.855293        8.115127
 -24.098979  -1250.399199        0.000000
 -24.067254   -417.347382        0.000000
 -24.035529   -396.610292        0.000000
 -24.003804    177.093822       13.307660
 -23.972079   -205.846598        0.000000
 -23.940354     81.513187        9.028465
 -23.908629   -439.026892        0.000000
 -23.876904   -280.573974        0.000000
 -23.845179   -897.591344        0.000000
 -23.813454   -592.010179        0.000000
 -23.781730   -120.361550        0.000000
 -23.750005    -93.375940        0.000000
 -23.718280  -1108.633339        0.000000
 -23.686555   -349.334931        0.000000
 -23.654830   -149.981185        0.000000
 -23.623105   -395.537364        0.000000
 -23.591380   -760.762106        0.000000
 -23.559655   -806.891223        0.000000
 -23.527930   -480.618489        0.000000
 -23.496205   -191.226459        0.000000
 -23.464480   -382.153522        0.000000
 -23.432756     10.572550        3.251546
 -23.401031    -10.938652        0.000000
 -23.369306    -72.649892        0.000000
 -23.337581   -675.077395        0.000000
 -23.305856   -387.276362        0.000000
 -23.274131    -37.562825        0.000000
 -23.242406   -260.924648        0.000000
 -23.210681   -764.860268        0.000000
 -23.178956   -149.674365        0.000000
 -23.147231   -154.027899        0.000000
 -23.115506   -701.421687        0.000000
 -23.083782   -797.620716        0.000000
 -23.052057   -167.563555        0.000000
 -23.020332   -179.183701        0.000000
 -22.988607   -127.870618        0.000000
 -22.956882   -562.799111        0.000000
 -22.925157   -340.303566        0.000000
 -22.893432    189.411493       13.762685
 -22.861707    379.424709       19.478827
 -22.829982   -357.916757        0.000000
 -22.798257     29.212868        5.404893
 -22.766532   -461.654516        0.000000
 -22.734807   -367.919469        0.000000
 -22.703083   -415.029015        0.000000
 -22.671358    -96.373777        0.000000
 -22.639633    -25.039343        0.000000
 -22.607908     73.036408        8.546134
 -22.576183   -543.963898        0.000000
 -22.544458   -209.359441        0.000000
 -22.512733    -88.413702        0.000000
 -22.481008    147.801063       12.157346
 -22.449283   -466.791178        0.000000
 -22.417558    -21.223546        0.000000
 -22.385833    363.188417       19.057503
 -22.354109    379.839930       19.489483
 -22.322384   -608.986283        0.000000
 -22.290659   -145.662834        0.000000
 -22.258934   -494.207438        0.000000
 -22.227209   -408.133819        0.000000
 -22.195484   -977.615366        0.000000
 -22.163759   -247.661183        0.000000
 -22.132034   -126.497141        0.000000
 -22.100309     17.756876        4.213891
 -22.068584   -658.570740        0.000000
 -22.036859   -325.626271        0.000000
 -22.005135    420.553824       20.507409
 -21.973410   -102.074350        0.000000
 -21.941685   -803.982465        0.000000
 -21.909960   -499.306715        0.000000
 -21.878235   -373.639082        0.000000
 -21.846510   -150.854875        0.000000
 -21.814785   -668.277206        0.000000
 -21.783060   -842.407101        0.000000
 -21.751335   -474.792615        0.000000
 -21.719610   -390.338857        0.000000
 -21.687885  -1394.397684        0.000000
 -21.656161   -617.324090        0.000000
 -21.624436   -374.813482        0.000000
 -21.592711    118.742859       10.896920
 -21.560986   -960.457868        0.000000
 -21.529261   -135.545331        0.000000
 -21.497536   -363.344386        0.000000
 -21.465811      2.696929        1.642233
 -21.434086   -175.128974        0.000000
 -21.402361   -185.370409        0.000000
 -21.370636    -81.340163        0.000000
 -21.338911    -46.842111        0.000000
 -21.307186   -692.642161        0.000000
 -21.275462   -696.421657        0.000000
 -21.243737     -3.251819        0.000000
 -21.212012   -186.372451        0.000000
 -21.180287   -929.891086        0.000000
 -21.148562   -409.810318        0.000000
 -21.116837   -568.545215        0.000000
 -21.085112   -168.358718        0.000000
 -21.053387   -362.434658        0.000000
 -21.021662   -410.038702        0.000000
 -20.989937   -150.414375        0.000000
 -20.958212   -104.899042        0.000000
 -20.926488   -513.122303        0.000000
 -20.894763   -183.073778        0.000000
 -20.863038    243.097247       15.591576
 -20.831313    621.782155       24.935560
 -20.799588   -630.315539        0.000000
 -20.767863   -752.612524        0.000000
 -20.736138   -288.319862        0.000000
 -20.704413   -239.485244        0.000000
 -20.672688   -558.557650        0.000000
 -20.640963  -1127.649378        0.000000
 -20.609238   -277.726462        0.000000
 -20.577514   -483.754019        0.000000
 -20.545789   -625.830778        0.000000
 -20.514064   -418.998351        0.000000
 -20.482339     81.906695        9.050232
 -20.450614    187.967518       13.710125
 -20.418889   -565.308319        0.000000
 -20.387164   -731.956057        0.000000
 -20.355439    -94.827323        0.000000
 -20.323714     47.831339        6.916020
 -20.291989  -1130.243155        0.000000
 -20.260264   -455.053349        0.000000
 -20.228540    -85.972098        0.000000
 -20.196815     96.381113        9.817388
 -20.165090   -710.628116        0.000000
 -20.133365   -564.111768        0.000000
 -20.101640   -444.941469        0.000000
 -20.069915   -322.754089        0.000000
 -20.038190   -436.742294        0.000000
 -20.006465    279.989054       16.732873
 -19.974740      4.193087        2.047703
 -19.943015   -231.395831        0.000000
 -19.911290  -1049.997231        0.000000
 -19.879565   -168.315164        0.000000
 -19.847841   -241.949237        0.000000
 -19.816116   -149.308352        0.000000
 -19.784391   -772.160874        0.000000
 -19.752666   -635.022198        0.000000
 -19.720941     77.865814        8.824161
 -19.689216    143.976415       11.999017
 -19.657491   -979.723313        0.000000
 -19.625766   -369.877868        0.000000
 -19.594041   -283.964448        0.000000
 -19.562316    236.845047       15.389771
 -19.530591  -1096.629012        0.000000
 -19.498867   -215.641817        0.000000
 -19.467142   -468.622509        0.000000
 -19.435417    252.276195       15.883205
 -19.403692   -707.013197        0.000000
 -19.371967   -336.789998        0.000000
 -19.340242    -80.716511        0.000000
 -19.308517    171.950434       13.112987
 -19.276792   -801.161437        0.000000
 -19.245067   -504.719393        0.000000
 -19.213342   -525.349970        0.000000
 -19.181617   -147.339491        0.000000
 -19.149893   -348.383545        0.000000
 -19.118168   -746.132123        0.000000
 -19.086443  -1016.514162        0.000000
 -19.054718   -206.069199        0.000000
 -19.022993  -1227.945805        0.000000
 -18.991268    156.799332       12.521954
 -18.959543     80.200034        8.955447
 -18.927818    348.193526       18.659944
 -18.896093   -491.538227        0.000000
 -18.864368   -365.778238        0.000000
 -18.832643    149.205085       12.214953
 -18.800919   -327.148111        0.000000
 -18.769194   -780.288613        0.000000
 -18.737469   -152.886964        0.000000
 -18.705744   -158.120216        0.000000
 -18.674019   -105.711640        0.000000
 -18.642294   -961.276323        0.000000
 -18.610569    -59.420081        0.000000
 -18.578844   -187.662853        0.000000
 -18.547119   -128.246162        0.000000
 -18.515394   -634.376709        0.000000
 -18.483669    -36.231141        0.000000
 -18.451944    -87.929411        0.000000
 -18.420220    394.845145       19.870711
 -18.388495   -498.593181        0.000000
 -18.356770   -313.736438        0.000000
 -18.325045    -76.577814        0.000000
 -18.293320   -593.271393        0.000000
 -18.261595   -563.188913        0.000000
 -18.229870   -209.354878        0.000000
 -18.198145   -147.806107        0.000000
 -18.166420    -25.316028        0.000000
 -18.134695   -680.094568        0.000000
 -18.102970   -560.895676        0.000000
 -18.071246    138.969320       11.788525
 -18.039521    323.536158       17.987111
 -18.007796   -859.794211        0.000000
 -17.976071    -63.343258        0.000000
 -17.944346   -110.483789        0.000000
 -17.912621      2.262137        1.504040
 -17.880896   -691.833119        0.000000
 -17.849171    132.840951       11.525665
 -17.817446   -120.178848        0.000000
 -17.785721    467.072728       21.611865
 -17.753996   -701.456435        0.000000
 -17.722272   -336.741601        0.000000
 -17.690547   -295.659179        0.000000
 -17.658822   -344.437744        0.000000
 -17.627097  -1152.818634        0.000000
 -17.595372     60.157067        7.756099
 -17.563647   -142.105518        0.000000
 -17.531922    109.842515       10.480578
 -17.500197   -436.409151        0.000000
 -17.468472   3092.986868       55.614628
 -17.436747   2873.899315       53.608762
 -17.405022   1716.012283       41.424779
 -17.373298   -462.671816        0.000000
 -17.341573    599.260787       24.479804
 -17.309848   -360.544461        0.000000
 -17.278123    248.501177       15.763920
 -17.246398   -606.238817        0.000000
 -17.214673   -209.814988        0.000000
 -17.182948     57.586264        7.588561
 -17.151223   -130.732230        0.000000
 -17.119498   -415.963120        0.000000
 -17.087773   -351.393710        0.000000
 -17.056048   -583.284550        0.000000
 -17.024323     68.415737        8.271381
 -16.992599   -967.207406        0.000000
 -16.960874   -597.632788        0.000000
 -16.929149   -100.568523        0.000000
 -16.897424   -123.213793        0.000000
 -16.865699   -434.245227        0.000000
 -16.833974     80.907418        8.994855
 -16.802249   -156.099601        0.000000
 -16.770524   -426.423355        0.000000
 -16.738799   -374.250528        0.000000
 -16.707074    158.104366       12.573956
 -16.675349   -160.559270        0.000000
 -16.643625    440.409888       20.985945
 -16.611900   -354.241319        0.000000
 -16.580175    -78.208341        0.000000
 -16.548450    143.894240       11.995593
 -16.516725    445.657384       21.110599
 -16.485000  -1114.863595        0.000000
 -16.453275    -95.900234        0.000000
 -16.421550   -328.288784        0.000000
 -16.389825   -361.869223        0.000000
 -16.358100   -485.971519        0.000000
 -16.326375    -49.495509        0.000000
 -16.294651   -490.682917        0.000000
 -16.262926    253.567498       15.923803
 -16.231201    -95.423939        0.000000
 -16.199476    260.153299       16.129268
 -16.167751   -307.537870        0.000000
 -16.136026   -230.634820        0.000000
 -16.104301   -430.755224        0.000000
 -16.072576   -484.532613        0.000000
 -16.040851   -348.830262        0.000000
 -16.009126    -89.231279        0.000000
 -15.977401   -751.009189        0.000000
 -15.945677   -497.447177        0.000000
 -15.913952    -78.834951        0.000000
 -15.882227     79.642436        8.924261
 -15.850502     -3.604305        0.000000
 -15.818777    311.554072       17.650894
 -15.787052    348.175131       18.659452
 -15.755327    161.379179       12.703510
 -15.723602   -471.075000        0.000000
 -15.691877    273.206248       16.528952
 -15.660152   -177.188225        0.000000
 -15.628427    -48.720638        0.000000
 -15.596702   -281.347189        0.000000
 -15.564978   -391.348248        0.000000
 -15.533253   -331.599471        0.000000
 -15.501528     40.100079        6.332462
 -15.469803   -405.481997        0.000000
 -15.438078    -55.311734        0.000000
 -15.406353   -245.963528        0.000000
 -15.374628    284.556843       16.868813
 -15.342903   -201.486494        0.000000
 -15.311178    -25.558849        0.000000
 -15.279453   -207.481033        0.000000
 -15.247728   -111.171445        0.000000
 -15.216004   -645.364409        0.000000
 -15.184279   -279.766152        0.000000
 -15.152554     40.173324        6.338243
 -15.120829    103.900719       10.193170
 -15.089104   -299.588755        0.000000
 -15.057379   -177.102886        0.000000
 -15.025654   -504.955229        0.000000
 -14.993929    280.955333       16.761722
 -14.962204   -996.827180        0.000000
 -14.930479     61.600264        7.848584
 -14.898754    332.149598       18.224972
 -14.867030    300.958159       17.348146
 -14.835305   -423.075326        0.000000
 -14.803580    184.257604       13.574152
 -14.771855    115.896666       10.765531
 -14.740130    711.059412       26.665697
 -14.708405   -505.448550        0.000000
 -14.676680   -709.376758        0.000000
 -14.644955   -456.590358        0.000000
 -14.613230   -104.087104        0.000000
 -14.581505   -756.916715        0.000000
 -14.549780    -67.724815        0.000000
 -14.518055   -347.878086        0.000000
 -14.486331   -377.281514        0.000000
 -14.454606   -474.258985        0.000000
 -14.422881    -68.431505        0.000000
 -14.391156     42.253081        6.500237
 -14.359431      3.935635        1.983843
 -14.327706   -549.673635        0.000000
 -14.295981    523.485004       22.879795
 -14.264256    239.754640       15.484012
 -14.232531   -430.938925        0.000000
 -14.200806   -756.974045        0.000000
 -14.169081   -604.001682        0.000000
 -14.137357   -194.262919        0.000000
 -14.105632   -354.747138        0.000000
 -14.073907   -318.614850        0.000000
 -14.042182   -304.932504        0.000000
 -14.010457    -46.475353        0.000000
 -13.978732   -250.846025        0.000000
 -13.947007   -732.421268        0.000000
 -13.915282   -324.080747        0.000000
 -13.883557   -165.894223        0.000000
 -13.851832   -229.333709        0.000000
 -13.820107   -752.794279        0.000000
 -13.788383   -109.556637        0.000000
 -13.756658    382.121322       19.547924
 -13.724933    -20.921409        0.000000
 -13.693208   -568.136240        0.000000
 -13.661483   -303.303335        0.000000
 -13.629758   -523.570506        0.000000
 -13.598033   -174.033761        0.000000
 -13.566308  -1279.679337        0.000000
 -13.534583  -1019.415449        0.000000
 -13.502858     11.364354        3.371106
 -13.471133   -157.115480        0.000000
 -13.439409   -608.660778        0.000000
 -13.407684   -222.300179        0.000000
 -13.375959    227.641980       15.087809
 -13.344234    241.748695       15.548270
 -13.312509   -840.789325        0.000000
 -13.280784     -6.278414        0.000000
 -13.249059   -399.194605        0.000000
 -13.217334   -526.000553        0.000000
 -13.185609   -633.834282        0.000000
 -13.153884   -353.243847        0.000000
 -13.122159   -547.688962        0.000000
 -13.090434    500.356466       22.368649
 -13.058710   -677.674480        0.000000
 -13.026985   -473.691196        0.000000
 -12.995260   -570.157992        0.000000
 -12.963535    267.468772       16.354473
 -12.931810   -454.001938        0.000000
 -12.900085   -531.026454        0.000000
 -12.868360   -144.385016        0.000000
 -12.836635   -257.156565        0.000000
 -12.804910   -192.487152        0.000000
 -12.773185    417.455871       20.431737
 -12.741460   -452.041963        0.000000
 -12.709736    -80.037829        0.000000
 -12.678011   -418.313154        0.000000
 -12.646286    -93.403711        0.000000
 -12.614561   -310.824008        0.000000
 -12.582836    195.841310       13.994331
 -12.551111   -340.369320        0.000000
 -12.519386    114.009288       10.677513
 -12.487661    119.146989       10.915447
 -12.455936    905.460600       30.090872
 -12.424211   -392.475996        0.000000
 -12.392486   -458.738512        0.000000
 -12.360762    303.484139       17.420796
 -12.329037   -133.235785        0.000000
 -12.297312   -379.893789        0.000000
 -12.265587    178.652927       13.366111
 -12.233862   -127.293520        0.000000
 -12.202137    590.758263       24.305519
 -12.170412   -452.628810        0.000000
 -12.138687  -1106.841593        0.000000
 -12.106962   -243.574008        0.000000
 -12.075237   -300.055823        0.000000
 -12.043512  -1051.860124        0.000000
 -12.011788   -545.962740        0.000000
 -11.980063    186.171411       13.644464
 -11.948338    662.361508       25.736385
 -11.916613   -290.161192        0.000000
 -11.884888   -388.670572        0.000000
 -11.853163    -84.486299        0.000000
 -11.821438    212.525670       14.578260
 -11.789713   -821.595777        0.000000
 -11.757988    -57.411746        0.000000
 -11.726263   -206.617168        0.000000
 -11.694538    180.262614       13.426191
 -11.662813   -800.277962        0.000000
 -11.631089    -94.492489        0.000000
 -11.599364     97.661838        9.882400
 -11.567639    222.493048       14.916201
 -11.535914   -774.658561        0.000000
 -11.504189    -14.192487        0.000000
 -11.472464    326.556593       18.070877
 -11.440739     35.061956        5.921314
 -11.409014   -750.688641        0.000000
 -11.377289    112.716515       10.616803
 -11.345564    628.534283       25.070586
 -11.313839    202.971342       14.246801
 -11.282115   -478.515799        0.000000
 -11.250390   -591.437878        0.000000
 -11.218665    179.262585       13.388898
 -11.186940    -65.636951        0.000000
 -11.155215   -478.359876        0.000000
 -11.123490    265.462231       16.293012
 -11.091765    168.407353       12.977186
 -11.060040   -172.976936        0.000000
 -11.028315   -768.162715        0.000000
 -10.996590   -311.477279        0.000000
 -10.964865     -0.162156        0.000000
 -10.933141    335.526589       18.317385
 -10.901416   -121.045553        0.000000
 -10.869691     95.821208        9.788831
 -10.837966     -9.579652        0.000000
 -10.806241    322.430464       17.956349
 -10.774516   -512.069664        0.000000
 -10.742791   -228.678853        0.000000
 -10.711066    190.817388       13.813667
 -10.679341    484.349840       22.007949
 -10.647616   -816.452071        0.000000
 -10.615891    -72.652958        0.000000
 -10.584167    282.093160       16.795629
 -10.552442   -228.845528        0.000000
 -10.520717   -529.625863        0.000000
 -10.488992   -175.056294        0.000000
 -10.457267   -132.528914        0.000000
 -10.425542    505.180458       22.476220
 -10.393817   -194.659555        0.000000
 -10.362092   -152.617232        0.000000
 -10.330367    327.299012       18.091407
 -10.298642    784.773897       28.013816
 -10.266917   -301.872571        0.000000
 -10.235192   -300.840238        0.000000
 -10.203468    -67.587441        0.000000
 -10.171743     56.380638        7.508704
 -10.140018   -459.630697        0.000000
 -10.108293   -103.300405        0.000000
 -10.076568    226.414449       15.047074
 -10.044843    208.614459       14.443492
 -10.013118   -993.331968        0.000000
  -9.981393    163.331396       12.780117
  -9.949668    -61.164233        0.000000
  -9.917943    -96.390578        0.000000
  -9.886218   -766.143550        0.000000
  -9.854494    208.769332       14.448852
  -9.822769    220.717164       14.856553
  -9.791044    505.919450       22.492653
  -9.759319   -486.213971        0.000000
  -9.727594   -276.906463        0.000000
  -9.695869    692.786827       26.320844
  -9.664144    303.522485       17.421897
  -9.632419   -976.172239        0.000000
  -9.600694   -727.679759        0.000000
  -9.568969    -89.022467        0.000000
  -9.537244   -444.966352        0.000000
  -9.505520   -703.636091        0.000000
  -9.473795   -472.047788        0.000000
  -9.442070   -354.715203        0.000000
  -9.410345   -136.711998        0.000000
  -9.378620   -577.771320        0.000000
  -9.346895   -536.847294        0.000000
  -9.315170    173.300231       13.164355
  -9.283445    299.152588       17.296028
  -9.251720   -665.801307        0.000000
  -9.219995     26.629703        5.160398
  -9.188270    426.102498       20.642250
  -9.156546    318.521068       17.847159
  -9.124821   -642.196010        0.000000
  -9.093096   -547.966440        0.000000
  -9.061371    148.122722       12.170568
  -9.029646    257.469716       16.045863
  -8.997921   -226.365996        0.000000
  -8.966196   -533.887518        0.000000
  -8.934471    170.306855       13.050167
  -8.902746     60.627432        7.786362
  -8.871021   -504.142243        0.000000
  -8.839296    142.681785       11.944948
  -8.807571    596.595992       24.425315
  -8.775847    376.411666       19.401332
  -8.744122   -612.671267        0.000000
  -8.712397   -248.689103        0.000000
  -8.680672   -272.798193        0.000000
  -8.648947   -382.194889        0.000000
  -8.617222   -782.982189        0.000000
  -8.585497   -164.897520        0.000000
  -8.553772   -703.875675        0.000000
  -8.522047   -209.361780        0.000000
  -8.490322   -698.444647        0.000000
  -8.458597      8.271236        2.875976
  -8.426873      6.563640        2.561960
  -8.395148   -393.653308        0.000000
  -8.363423   -368.574204        0.000000
  -8.331698   -137.979787        0.000000
  -8.299973    -85.360664        0.000000
  -8.268248    -30.050967        0.000000
  -8.236523   -497.701353        0.000000
  -8.204798   -363.583913        0.000000
  -8.173073    211.344932       14.537707
  -8.141348    165.041701       12.846856
  -8.109623   -934.382425        0.000000
  -8.077899   -229.357734        0.000000
  -8.046174   -461.922590        0.000000
  -8.014449   -575.121435        0.000000
  -7.982724   -661.452539        0.000000
  -7.950999   -182.624483        0.000000
  -7.919274    149.849960       12.241322
  -7.887549   -139.946852        0.000000
  -7.855824   -850.045652        0.000000
  -7.824099    -30.388416        0.000000
  -7.792374    377.608788       19.432159
  -7.760649    582.393258       24.132825
  -7.728925    -18.518695        0.000000
  -7.697200     42.219483        6.497652
  -7.665475    103.073866       10.152530
  -7.633750   -222.159937        0.000000
  -7.602025   -448.622506        0.000000
  -7.570300   -542.801512        0.000000
  -7.538575    -72.941718        0.000000
  -7.506850    -56.682406        0.000000
  -7.475125   -639.790254        0.000000
  -7.443400   -314.016649        0.000000
  -7.411675    -48.947572        0.000000
  -7.379950    441.930737       21.022149
  -7.348226     -4.227794        0.000000
  -7.316501   -311.273734        0.000000
  -7.284776   -270.892559        0.000000
  -7.253051   -275.116746        0.000000
  -7.221326   -526.524813        0.000000
  -7.189601    -66.989180        0.000000
  -7.157876   -308.673310        0.000000
  -7.126151    260.208168       16.130969
  -7.094426   -599.951878        0.000000
  -7.062701    174.492822       13.209573
  -7.030976    -48.717228        0.000000
  -6.999252    -14.904241        0.000000
  -6.967527   -923.070191        0.000000
  -6.935802   -294.517301        0.000000
  -6.904077     46.023018        6.784027
  -6.872352    295.669517       17.195043
  -6.840627   -220.031155        0.000000
  -6.808902      7.808505        2.794370
  -6.777177     56.974896        7.548172
  -6.745452   -289.754694        0.000000
  -6.713727   -485.011596        0.000000
  -6.682002   -650.180774        0.000000
  -6.650278   -426.356294        0.000000
  -6.618553   -129.317137        0.000000
  -6.586828   -154.907659        0.000000
  -6.555103   -234.686050        0.000000
  -6.523378   -231.168921        0.000000
  -6.491653   -180.244037        0.000000
  -6.459928   -887.920264        0.000000
  -6.428203   -244.384851        0.000000
  -6.396478    -27.692774        0.000000
  -6.364753   -140.811739        0.000000
  -6.333028  -1097.302021        0.000000
  -6.301304    -36.028665        0.000000
  -6.269579     37.523529        6.125645
  -6.237854    240.952291       15.522638
  -6.206129   -275.508798        0.000000
  -6.174404     37.748465        6.143978
  -6.142679   -188.473032        0.000000
  -6.110954   -253.713067        0.000000
  -6.079229     55.032661        7.418400
  -6.047504    -94.599630        0.000000
  -6.015779   -263.129652        0.000000
  -5.984054    306.195704       17.498449
  -5.952329   -175.011359        0.000000
  -5.920605    600.874157       24.512735
  -5.888880    235.184569       15.335729
  -5.857155    -20.920183        0.000000
  -5.825430   -344.959247        0.000000
  -5.793705    -94.597803        0.000000
  -5.761980    252.697584       15.896465
  -5.730255    171.083763       13.079899
  -5.698530   -272.033950        0.000000
  -5.666805   -391.723688        0.000000
  -5.635080    -91.024362        0.000000
  -5.603355     66.519510        8.155949
  -5.571631   -107.193242        0.000000
  -5.539906    -22.883479        0.000000
  -5.508181     72.121249        8.492423
  -5.476456   -260.201919        0.000000
  -5.444731   -724.924174        0.000000
  -5.413006    208.325104       14.433472
  -5.381281     52.452365        7.242401
  -5.349556    -10.490503        0.000000
  -5.317831   -677.715713        0.000000
  -5.286106   -492.124296        0.000000
  -5.254381   -504.911916        0.000000
  -5.222657     94.120039        9.701548
  -5.190932   -536.888246        0.000000
  -5.159207    -55.121652        0.000000
  -5.127482    279.460386       16.717069
  -5.095757     50.853394        7.131157
  -5.064032   -202.107622        0.000000
  -5.032307    331.676303       18.211982
  -5.000582    287.725872       16.962484
  -4.968857    259.408224       16.106155
  -4.937132   -322.559085        0.000000
  -4.905407   -557.089871        0.000000
  -4.873683   -146.513838        0.000000
  -4.841958    126.129941       11.230759
  -4.810233   -350.591906        0.000000
  -4.778508   -194.188980        0.000000
  -4.746783   -184.713949        0.000000
  -4.715058     70.581551        8.401283
  -4.683333   -627.745420        0.000000
  -4.651608   -284.373854        0.000000
  -4.619883   -243.212367        0.000000
  -4.588158    -12.210995        0.000000
  -4.556433   -456.587581        0.000000
  -4.524708    227.645251       15.087917
  -4.492984   -128.257732        0.000000
  -4.461259    229.181429       15.138739
  -4.429534   -323.294350        0.000000
  -4.397809    -74.283009        0.000000
  -4.366084   -138.408602        0.000000
  -4.334359   -237.974782        0.000000
  -4.302634   -675.574432        0.000000
  -4.270909    476.846084       21.836806
  -4.239184    451.227322       21.242112
  -4.207459    559.532000       23.654429
  -4.175734   -203.812494        0.000000
  -4.144010   -616.724823        0.000000
  -4.112285     19.686360        4.436931
  -4.080560     92.451500        9.615170
  -4.048835   -601.803946        0.000000
  -4.017110    -53.125312        0.000000
  -3.985385    343.244503       18.526859
  -3.953660     14.085655        3.753086
  -3.921935   -571.861312        0.000000
  -3.890210    367.829894       19.178892
  -3.858485   -203.689946        0.000000
  -3.826760   -347.144319        0.000000
  -3.795036  -1002.786272        0.000000
  -3.763311   -451.614593        0.000000
  -3.731586   -623.925783        0.000000
  -3.699861   -193.665674        0.000000
  -3.668136   -407.280381        0.000000
  -3.636411     92.489558        9.617149
  -3.604686    260.060620       16.126395
  -3.572961   -553.913657        0.000000
  -3.541236   -779.389456        0.000000
  -3.509511   -271.364407        0.000000
  -3.477786   -296.725979        0.000000
  -3.446062   -249.557368        0.000000
  -3.414337   -379.621973        0.000000
  -3.382612   -167.674273        0.000000
  -3.350887    -40.695182        0.000000
  -3.319162    563.572043       23.739672
  -3.287437    -69.317549        0.000000
  -3.255712    -71.324365        0.000000
  -3.223987    307.763859       17.543200
  -3.192262    761.508448       27.595443
  -3.160537  -1083.381904        0.000000
  -3.128812   -295.225001        0.000000
  -3.097087    -10.352839        0.000000
  -3.065363   -243.351002        0.000000
  -3.033638   -985.944069        0.000000
  -3.001913   -737.824054        0.000000
  -2.970188   -228.140532        0.000000
  -2.938463   -407.593910        0.000000
  -2.906738   -509.679544        0.000000
  -2.875013    -89.132379        0.000000
  -2.843288   -160.967551        0.000000
  -2.811563    324.737797       18.020483
  -2.779838   -586.183098        0.000000
  -2.748113    219.633696       14.820044
  -2.716389     23.062415        4.802334
  -2.684664    240.509010       15.508353
  -2.652939   -781.315561        0.000000
  -2.621214   -155.449888        0.000000
  -2.589489      8.351314        2.889864
  -2.557764     96.131904        9.804688
  -2.526039  -1105.358224        0.000000
  -2.494314   -290.790991        0.000000
  -2.462589   -102.612007        0.000000
  -2.430864    192.850428       13.887060
  -2.399139   -579.370728        0.000000
  -2.367415   -556.731767        0.000000
  -2.335690     23.954148        4.894298
  -2.303965   -409.567112        0.000000
  -2.272240   -505.654805        0.000000
  -2.240515    154.000679       12.409701
  -2.208790    -76.929991        0.000000
  -2.177065    266.976910       16.339428
  -2.145340    -47.993094        0.000000
  -2.113615    -72.371221        0.000000
  -2.081890   -350.686650        0.000000
  -2.050165    -84.438976        0.000000
  -2.018441  -1004.686869        0.000000
  -1.986716     93.706675        9.680221
  -1.954991    -21.518581        0.000000
  -1.923266   -208.766702        0.000000
  -1.891541   -438.515368        0.000000
  -1.859816    -67.202782        0.000000
  -1.828091    341.234555       18.472535
  -1.796366    568.719105       23.847832
  -1.764641    -97.792296        0.000000
  -1.732916   -270.972068        0.000000
  -1.701191    144.481988       12.020066
  -1.669466    114.965175       10.722181
  -1.637742   -926.420276        0.000000
  -1.606017    -48.733309        0.000000
  -1.574292    191.873569       13.851844
  -1.542567   -171.112619        0.000000
  -1.510842   -314.156662        0.000000
  -1.479117    607.465850       24.646822
  -1.447392    466.909119       21.608080
  -1.415667     67.406291        8.210133
  -1.383942   -818.875904        0.000000
  -1.352217   -108.624274        0.000000
  -1.320492    228.754575       15.124635
  -1.288768   -488.069325        0.000000
  -1.257043   -737.449553        0.000000
  -1.225318   -542.132432        0.000000
  -1.193593   -346.099273        0.000000
  -1.161868   -211.137867        0.000000
  -1.130143   -688.919196        0.000000
  -1.098418   -439.990952        0.000000
  -1.066693    -92.986322        0.000000
  -1.034968    365.244546       19.111372
  -1.003243    194.001689       13.928449
  -0.971518    531.350952       23.051051
  -0.939794    554.556587       23.549025
  -0.908069     -3.151902        0.000000
  -0.876344   -213.133049        0.000000
  -0.844619   -390.958407        0.000000
  -0.812894   -175.021143        0.000000
  -0.781169     -5.586222        0.000000
  -0.749444   -256.176820        0.000000
  -0.717719   -171.545324        0.000000
  -0.685994    228.036782       15.100887
  -0.654269    389.332128       19.731501
  -0.622544   -509.462897        0.000000
  -0.590820     34.678265        5.888825
  -0.559095    352.140267       18.765401
  -0.527370   -227.072226        0.000000
  -0.495645   -669.151670        0.000000
  -0.463920   -586.482368        0.000000
  -0.432195   -255.583162        0.000000
  -0.400470    115.723993       10.757509
  -0.368745   -469.109333        0.000000
  -0.337020    386.338552       19.655497
  -0.305295    395.913585       19.897577
  -0.273570   1363.665135       36.927837
  -0.241845   2057.530024       45.360005
  -0.210121   6839.703446       82.702500
  -0.178396  15045.335091      122.659427
  -0.146671  26888.775767      163.977973
  -0.114946  38839.779090      197.078104
  -0.083221  51958.608870      227.944311
  -0.051496  65122.616294      255.191333
  -0.019771  74379.859740      272.726713
   0.011954  75014.721831      273.888156
   0.043679  68076.240319      260.914239
   0.075404  56559.216868      237.821817
   0.107129  41216.712456      203.018995
   0.138853  26798.612570      163.702818
   0.170578  17454.762414      132.116473
   0.202303  10001.201865      100.006009
   0.234028   6602.397388       81.255138
   0.265753   4466.649136       66.832994
   0.297478   3847.537236       62.028520
   0.329203   3859.709121       62.126557
   0.360928   3968.640796       62.997149
   0.392653   3398.221487       58.294266
   0.424378   3597.035100       59.975287
   0.456103   5269.143249       72.588864
   0.487827   6038.313825       77.706588
   0.519552   6112.645265       78.183408
   0.551277   7172.757896       84.692136
   0.583002   7887.629160       88.812325
   0.614727   9369.083026       96.794024
   0.646452  10617.050233      103.039071
   0.678177  13981.768978      118.244530
   0.709902  16283.147111      127.605435
   0.741627  21574.241869      146.881727
   0.773352  29105.715719      170.603973
   0.805077  40356.884030      200.890229
   0.836801  53798.528873      231.945099
   0.868526  68453.900690      261.636964
   0.900251  85765.199269      292.856960
   0.931976 108341.629851      329.152897
   0.963701 132535.113949      364.053724
   0.995426 154300.632062      392.811191
   1.027151 169422.397003      411.609520
   1.058876 177206.688495      420.959248
   1.090601 178313.983638      422.272405
   1.122326 169595.609067      411.819875
   1.154051 152737.183782      390.816049
   1.185776 132939.486194      364.608675
   1.217500 112375.984490      335.225274
   1.249225  91364.593458      302.265766
   1.280950  69820.140508      264.235010
   1.312675  53782.637591      231.910840
   1.344400  41907.979561      204.714385
   1.376125  32674.401170      180.760618
   1.407850  27432.465318      165.627490
   1.439575  25674.142598      160.231528
   1.471300  28171.210958      167.842816
   1.503025  30414.267419      174.396868
   1.534750  33702.150812      183.581456
   1.566474  39712.207846      199.279221
   1.598199  44044.603468      209.868062
   1.629924  49407.669102      222.278359
   1.661649  53234.494375      230.726016
   1.693374  57171.503966      239.105633
   1.725099  57065.926461      238.884756
   1.756824  54009.326238      232.399067
   1.788549  49569.478931      222.642042
   1.820274  45658.177607      213.677742
   1.851999  40502.309903      201.251857
   1.883724  33812.362212      183.881381
   1.915448  27397.763612      165.522698
   1.947173  24274.219634      155.801860
   1.978898  21554.915692      146.815925
   2.010623  20248.503627      142.297237
   2.042348  18657.575843      136.592737
   2.074073  17939.345781      133.937843
   2.105798  18583.846631      136.322583
   2.137523  19443.278373      139.439157
   2.169248  19430.112449      139.391938
   2.200973  20580.491726      143.459025
   2.232698  20670.525189      143.772477
   2.264422  20706.075966      143.896060
   2.296147  21775.032939      147.563657
   2.327872  23522.586941      153.370750
   2.359597  24183.253282      155.509657
   2.391322  25692.217456      160.287920
   2.423047  25311.022494      159.094382
   2.454772  26888.610048      163.977468
   2.486497  28338.092450      168.339218
   2.518222  29048.351953      170.435771
   2.549947  27720.322565      166.494212
   2.581672  28592.228281      169.092366
   2.613397  28596.886897      169.106141
   2.645121  27944.097057      167.164880
   2.676846  27685.828125      166.390589
   2.708571  26664.355799      163.292240
   2.740296  27625.235555      166.208410
   2.772021  27554.036952      165.994087
   2.803746  26549.288434      162.939524
   2.835471  26678.714222      163.336200
   2.867196  26841.808056      163.834697
   2.898921  26204.117383      161.876859
   2.930646  24808.574313      157.507379
   2.962371  24190.730658      155.533696
   2.994095  24739.438492      157.287757
   3.025820  23288.825654      152.606768
   3.057545  21027.005126      145.006914
   3.089270  20309.921414      142.512882
   3.120995  20930.615201      144.674169
   3.152720  20455.402149      143.022383
   3.184445  19637.757834      140.134785
   3.216170  20058.793896      141.629072
   3.247895  19519.021818      139.710493
   3.279620  19293.026507      138.899339
   3.311345  19268.224134      138.810029
   3.343069  20309.282485      142.510640
   3.374794  20350.627112      142.655624
   3.406519  19474.817655      139.552204
   3.438244  18050.509035      134.352183
   3.469969  18168.529293      134.790687
   3.501694  19354.167105      139.119255
   3.533419  19888.057384      141.025024
   3.565144  19234.278117      138.687700
   3.596869  18448.180647      135.824080
   3.628594  17860.584553      133.643498
   3.660319  17185.374944      131.093001
   3.692043  16075.892771      126.790744
   3.723768  16285.240841      127.613639
   3.755493  15580.215510      124.820733
   3.787218  15268.296110      123.564947
   3.818943  13253.840169      115.125324
   3.850668  14205.673921      119.187558
   3.882393  13499.073926      116.185515
   3.914118  13414.449256      115.820763
   3.945843  12209.621709      110.497157
   3.977568  12470.439128      111.671120
   4.009293  12068.636171      109.857345
   4.041018  11327.177213      106.429212
   4.072742   9908.664920       99.542277
   4.104467  10294.163270      101.460156
   4.136192   9772.278127       98.854834
   4.167917   9157.005319       95.692243
   4.199642   8692.792655       93.235147
   4.231367   8325.174655       91.242395
   4.263092   8909.100871       94.388034
   4.294817   8951.381868       94.611743
   4.326542   7713.804889       87.828269
   4.358267   8254.335535       90.853374
   4.389992   7577.814231       87.050642
   4.421716   7699.616840       87.747461
   4.453441   7020.240602       83.786876
   4.485166   8127.086574       90.150355
   4.516891   7538.878974       86.826718
   4.548616   7149.187885       84.552870
   4.580341   5918.957267       76.934760
   4.612066   5679.145897       75.360108
   4.643791   6457.997210       80.361665
   4.675516   6386.523173       79.915725
   4.707241   6593.989271       81.203382
   4.738966   5976.095738       77.305212
   4.770690   6028.631507       77.644263
   4.802415   5817.218453       76.270692
   4.834140   5341.537649       73.085824
   4.865865   4918.802635       70.134176
   4.897590   5630.035240       75.033561
   4.929315   5709.011029       75.557998
   4.961040   5464.088977       73.919476
   4.992765   4751.926474       68.934218
   5.024490   4477.263827       66.912359
   5.056215   4106.656374       64.083199
   5.087940   3281.330268       57.282897
   5.119664   4634.668238       68.078398
   5.151389   4860.634559       69.718251
   5.183114   4684.612967       68.444233
   5.214839   3290.849606       57.365927
   5.246564   4003.173193       63.270635
   5.278289   4057.909859       63.701726
   5.310014   3523.067547       59.355434
   5.341739   2821.727738       53.119937
   5.373464   3025.140687       55.001279
   5.405189   2650.520805       51.483209
   5.436914   2985.956145       54.643903
   5.468639   2396.327366       48.952297
   5.500363   2929.208448       54.122162
   5.532088   3382.090976       58.155748
   5.563813   3202.800330       56.593289
   5.595538   2307.525477       48.036710
   5.627263   2333.676266       48.308139
   5.658988   2756.458821       52.501989
   5.690713   3146.766501       56.096047
   5.722438   2081.217936       45.620368
   5.754163   2450.433240       49.501851
   5.785888   1775.175220       42.132828
   5.817613   2577.175348       50.765888
   5.849337   1751.336133       41.848968
   5.881062   1766.441031       42.029050
   5.912787   1902.022566       43.612184
   5.944512   2417.966948       49.172827
   5.976237   2030.838503       45.064826
   6.007962   1765.586721       42.018885
   6.039687   2290.290354       47.856978
   6.071412   2411.890585       49.111003
   6.103137   1448.436362       38.058328
   6.134862   2336.523988       48.337604
   6.166587   2816.325592       53.069064
   6.198311   2392.255118       48.910685
   6.230036   1245.810872       35.296046
   6.261761   1783.497273       42.231473
   6.293486   2297.445497       47.931675
   6.325211   1975.066416       44.441719
   6.356936   1206.308241       34.731948
   6.388661   1769.927907       42.070511
   6.420386   1680.096130       40.988976
   6.452111   1318.134450       36.306121
   6.483836    829.966568       28.809140
   6.515561    914.244509       30.236476
   6.547285   1812.656860       42.575308
   6.579010   1068.460319       32.687311
   6.610735    694.186617       26.347421
   6.642460   1155.219434       33.988519
   6.674185    882.868740       29.713107
   6.705910    973.389404       31.199189
   6.737635   1087.737818       32.980870
   6.769360   1030.603107       32.103008
   6.801085    878.314283       29.636368
   6.832810   1083.073098       32.910076
   6.864535    945.046602       30.741610
   6.896260    749.588456       27.378613
   6.927984   1599.691474       39.996143
   6.959709   1979.781751       44.494738
   6.991434   1199.258254       34.630308
   7.023159    832.037180       28.845055
   7.054884    926.913182       30.445249
   7.086609   1758.547187       41.935035
   7.118334   1211.119426       34.801141
   7.150059   1075.304979       32.791843
   7.181784   1287.148164       35.876847
   7.213509   1835.533107       42.843122
   7.245234   1201.434845       34.661720
   7.276958   1192.145429       34.527459
   7.308683   1058.012278       32.527101
   7.340408   1320.198436       36.334535
   7.372133    977.284144       31.261544
   7.403858   1551.905607       39.394233
   7.435583   1112.632123       33.356141
   7.467308   1774.736321       42.127619
   7.499033    851.799767       29.185609
   7.530758    740.172853       27.206118
   7.562483   1207.218193       34.745046
   7.594208   1285.670555       35.856248
   7.625932    916.831808       30.279231
   7.657657    901.819877       30.030316
   7.689382    893.749253       29.895639
   7.721107    800.325434       28.290024
   7.752832    420.777634       20.512865
   7.784557    767.738867       27.708101
   7.816282   1222.854744       34.969340
   7.848007   1429.719379       37.811630
   7.879732    716.977663       26.776439
   7.911457    669.845737       25.881378
   7.943182   1202.567540       34.678056
   7.974906   1073.539902       32.764919
   8.006631    381.394785       19.529331
   8.038356    544.332287       23.330930
   8.070081    796.391056       28.220401
   8.101806   1040.811679       32.261613
   8.133531    394.403304       19.859590
   8.165256    913.597475       30.225775
   8.196981   1649.645081       40.615823
   8.228706    934.713961       30.573092
   8.260431     78.060247        8.835171
   8.292156    392.834481       19.820052
   8.323881    890.931566       29.848477
   8.355605    899.058489       29.984304
   8.387330    410.967953       20.272345
   8.419055   1427.120074       37.777243
   8.450780    819.554584       28.627864
   8.482505   1174.849010       34.276071
   8.514230    530.275906       23.027720
   8.545955    592.781698       24.347109
   8.577680    529.359770       23.007820
   8.609405    515.591547       22.706641
   8.641130    178.984968       13.378526
   8.672855    180.017854       13.417073
   8.704579    980.824403       31.318116
   8.736304    642.834273       25.354177
   8.768029   -114.074353        0.000000
   8.799754    637.995471       25.258572
   8.831479   1275.173814       35.709576
   8.863204   1153.207712       33.958912
   8.894929    351.740652       18.754750
   8.926654    436.283443       20.887399
   8.958379    638.088464       25.260413
   8.990104    310.130572       17.610524
   9.021829    -49.368908        0.000000
   9.053553    434.139600       20.836017
   9.085278    655.133390       25.595574
   9.117003    729.865164       27.016017
   9.148728    131.327808       11.459835
   9.180453    154.968485       12.448634
   9.212178    785.031488       28.018413
   9.243903    884.938634       29.747918
   9.275628   -289.572688        0.000000
   9.307353   -450.702885        0.000000
   9.339078    384.823908       19.616929
   9.370803    602.485373       24.545577
   9.402527    307.986658       17.549549
   9.434252    712.135833       26.685873
   9.465977   1016.416511       31.881288
   9.497702    866.688349       29.439571
   9.529427    189.089900       13.750996
   9.561152    582.385930       24.132673
   9.592877    868.007809       29.461972
   9.624602    171.949757       13.112961
   9.656327   -418.951762        0.000000
   9.688052    282.503510       16.807841
   9.719777    323.812330       17.994786
   9.751502    594.597846       24.384377
   9.783226     98.232958        9.911254
   9.814951    465.922107       21.585229
   9.846676    523.020463       22.869641
   9.878401    283.579498       16.839819
   9.910126   -283.706151        0.000000
   9.941851    332.339378       18.230178
   9.973576    967.830934       31.109981
  10.005301   1085.371563       32.944978
  10.037026    573.348173       23.944690
  10.068751    709.634919       26.638974
  10.100476    623.017625       24.960321
  10.132200    533.288183       23.093033
  10.163925   -618.826478        0.000000
  10.195650    154.569663       12.432605
  10.227375    583.183447       24.149191
  10.259100    994.208015       31.531064
  10.290825     17.073560        4.132017
  10.322550    718.479436       26.804467
  10.354275    790.255618       28.111486
  10.386000    701.145120       26.479145
  10.417725    -56.222845        0.000000
  10.449450    122.837015       11.083186
  10.481174    208.031983       14.423314
  10.512899    485.250944       22.028412
  10.544624     59.809400        7.733654
  10.576349    380.715683       19.511937
  10.608074   -228.657963        0.000000
  10.639799    320.723021       17.908741
  10.671524   -161.560762        0.000000
  10.703249    481.242968       21.937251
  10.734974    355.322094       18.849989
  10.766699    639.651761       25.291338
  10.798424    -70.719974        0.000000
  10.830149    444.066372       21.072882
  10.861873    772.743474       27.798264
  10.893598   1059.646946       32.552219
  10.925323   -245.245208        0.000000
  10.957048    104.713756       10.232974
  10.988773    267.112988       16.343592
  11.020498    719.640999       26.826125
  11.052223    -52.806564        0.000000
  11.083948   -158.938523        0.000000
  11.115673   -314.917099        0.000000
  11.147398    -76.220081        0.000000
  11.179123   -422.758447        0.000000
  11.210847   -354.228566        0.000000
  11.242572    303.041770       17.408095
  11.274297    188.597155       13.733068
  11.306022   -338.356964        0.000000
  11.337747     43.506849        6.595972
  11.369472    351.758978       18.755239
  11.401197    181.760979       13.481876
  11.432922   -151.043501        0.000000
  11.464647    519.349070       22.789231
  11.496372     14.311084        3.782999
  11.528097   -369.366973        0.000000
  11.559821   -412.676589        0.000000
  11.591546     89.719525        9.472039
  11.623271    242.885758       15.584793
  11.654996    486.917765       22.066213
  11.686721   -833.477596        0.000000
  11.718446    135.077816       11.622298
  11.750171    427.779404       20.682829
  11.781896    -63.945148        0.000000
  11.813621   -480.041655        0.000000
  11.845346    220.688379       14.855584
  11.877071   -173.053479        0.000000
  11.908795   -199.537612        0.000000
  11.940520   -413.384148        0.000000
  11.972245    115.434520       10.744046
  12.003970    228.704489       15.122979
  12.035695    135.032997       11.620370
  12.067420    125.498353       11.202605
  12.099145   -333.153138        0.000000
  12.130870    566.366774       23.798462
  12.162595    887.455485       29.790191
  12.194320   -299.371405        0.000000
  12.226045    154.652036       12.435917
  12.257770    418.532545       20.458068
  12.289494    519.929809       22.801969
  12.321219   -351.229904        0.000000
  12.352944    529.021000       23.000457
  12.384669    560.052344       23.665425
  12.416394    -59.713429        0.000000
  12.448119   -239.069456        0.000000
  12.479844   -758.714826        0.000000
  12.511569    424.596063       20.605729
  12.543294   -221.321284        0.000000
  12.575019   -922.747693        0.000000
  12.606744      4.626733        2.150984
  12.638468    473.681801       21.764232
  12.670193    978.937307       31.287974
  12.701918   -107.879677        0.000000
  12.733643    497.210149       22.298210
  12.765368    544.259690       23.329374
  12.797093    163.771574       12.797327
  12.828818   -755.381959        0.000000
  12.860543    480.905728       21.929563
  12.892268     27.408373        5.235301
  12.923993     81.072267        9.004014
  12.955718   -452.394649        0.000000
  12.987442    102.884640       10.143207
  13.019167    295.213237       17.181770
  13.050892    440.131341       20.979307
  13.082617  -1086.755024        0.000000
  13.114342   -646.350491        0.000000
  13.146067    554.397850       23.545655
  13.177792    330.220902       18.171981
  13.209517   -136.086301        0.000000
  13.241242   -322.646833        0.000000
  13.272967    381.635750       19.535500
  13.304692    -76.751091        0.000000
  13.336416   -397.367973        0.000000
  13.368141   -197.711488        0.000000
  13.399866    -10.864706        0.000000
  13.431591    349.679806       18.699727
  13.463316   -441.091664        0.000000
  13.495041   -596.577554        0.000000
  13.526766    154.492130       12.429486
  13.558491   -380.178774        0.000000
  13.590216   -561.268636        0.000000
  13.621941     21.864550        4.675954
  13.653666    173.713122       13.180027
  13.685391    -37.336768        0.000000
  13.717115   -625.412410        0.000000
  13.748840     55.150760        7.426356
  13.780565    400.957886       20.023933
  13.812290    427.473680       20.675437
  13.844015    -96.290162        0.000000
  13.875740      8.445976        2.906196
  13.907465    263.412294       16.229981
  13.939190     78.916829        8.883514
  13.970915   -491.112829        0.000000
  14.002640   -747.203610        0.000000
  14.034365    539.782591       23.233222
  14.066089    776.285610       27.861902
  14.097814   -564.837613        0.000000
  14.129539    -55.937875        0.000000
  14.161264     70.350766        8.387536
  14.192989    237.102074       15.398119
  14.224714    -46.951866        0.000000
  14.256439   -615.163593        0.000000
  14.288164   -165.486144        0.000000
  14.319889    -32.953085        0.000000
  14.351614   -718.923539        0.000000
  14.383339   -506.976674        0.000000
  14.415063      4.393672        2.096109
  14.446788    576.688840       24.014347
  14.478513    392.782073       19.818730
  14.510238   -195.844199        0.000000
  14.541963    153.415077       12.386084
  14.573688     29.798517        5.458802
  14.605413   -522.298224        0.000000
  14.637138   -469.508204        0.000000
  14.668863    359.604713       18.963246
  14.700588    961.378237       31.006100
  14.732313     13.973000        3.738048
  14.764037    652.295653       25.540079
  14.795762    188.306223       13.722471
  14.827487     -3.167906        0.000000
  14.859212   -617.080625        0.000000
  14.890937   -132.968085        0.000000
  14.922662    525.692547       22.927986
  14.954387   -308.135526        0.000000
  14.986112   -634.451164        0.000000
  15.017837    260.612431       16.143495
  15.049562   -279.560873        0.000000
  15.081287   -138.446491        0.000000
  15.113012   -666.472177        0.000000
  15.144736   -254.190542        0.000000
  15.176461   -175.321154        0.000000
  15.208186    -97.812852        0.000000
  15.239911   -196.340807        0.000000
  15.271636   -271.216566        0.000000
  15.303361    149.821880       12.240175
  15.335086     34.522649        5.875598
  15.366811   -212.062656        0.000000
  15.398536    119.943115       10.951854
  15.430261   -108.668906        0.000000
  15.461986   -109.454936        0.000000
  15.493710   -673.502836        0.000000
  15.525435   -121.694800        0.000000
  15.557160     53.029316        7.282123
  15.588885     39.400169        6.276955
  15.620610   -767.027507        0.000000
  15.652335   -290.667436        0.000000
  15.684060   -201.859010        0.000000
  15.715785    609.887184       24.695894
  15.747510   -110.057148        0.000000
  15.779235     57.147146        7.559573
  15.810960    -80.921462        0.000000
  15.842684    675.316777       25.986858
  15.874409    316.464332       17.789444
  15.906134    -71.275177        0.000000
  15.937859    223.629028       14.954231
  15.969584    300.844780       17.344878
  16.001309   -737.545302        0.000000
  16.033034    138.862756       11.784004
  16.064759    309.743725       17.599538
  16.096484    168.049412       12.963387
  16.128209   -386.543334        0.000000
  16.159934   -307.526050        0.000000
  16.191658    144.287556       12.011976
  16.223383   -252.482094        0.000000
  16.255108   -781.248411        0.000000
  16.286833    136.299661       11.674745
  16.318558    398.121366       19.952979
  16.350283    175.266167       13.238813
  16.382008   -350.314682        0.000000
  16.413733   -484.504418        0.000000
  16.445458    362.957994       19.051456
  16.477183    -77.258443        0.000000
  16.508908   -697.388769        0.000000
  16.540633   -673.660525        0.000000
  16.572357    109.134420       10.446742
  16.604082    394.806046       19.869727
  16.635807   -627.572106        0.000000
  16.667532   -267.842001        0.000000
  16.699257    148.800970       12.198400
  16.730982    189.871313       13.779380
  16.762707   -696.570680        0.000000
  16.794432   -131.956847        0.000000
  16.826157    511.465809       22.615610
  16.857882   -227.314529        0.000000
  16.889607   -458.139033        0.000000
  16.921331    173.393761       13.167906
  16.953056    516.314707       22.722559
  16.984781    523.386368       22.877639
  17.016506   -566.767272        0.000000
  17.048231   -328.257378        0.000000
  17.079956   -155.775619        0.000000
  17.111681    464.037064       21.541520
  17.143406    -44.489296        0.000000
  17.175131   -194.563299        0.000000
  17.206856    212.925890       14.591980
  17.238581      4.330500        2.080985
  17.270305   -516.052043        0.000000
  17.302030   -283.265961        0.000000
  17.333755    225.024029       15.000801
  17.365480    242.375375       15.568410
  17.397205   -405.223168        0.000000
  17.428930   -563.145263        0.000000
  17.460655    199.532161       14.125585
  17.492380   -492.333593        0.000000
  17.524105   -936.974673        0.000000
  17.555830    -41.535923        0.000000
  17.587555   -146.475336        0.000000
  17.619279     60.737463        7.793424
  17.651004   -543.662769        0.000000
  17.682729    215.857004       14.692073
  17.714454    413.272158       20.329096
  17.746179   1025.502816       32.023473
  17.777904   -226.127289        0.000000
  17.809629    154.873470       12.444817
  17.841354   -195.194988        0.000000
  17.873079   -115.037826        0.000000
  17.904804   -229.498418        0.000000
  17.936529      1.708680        1.307165
  17.968254   -321.621800        0.000000
  17.999978    499.612029       22.352003
  18.031703   -441.935591        0.000000
  18.063428   -234.870358        0.000000
  18.095153   -212.875230        0.000000
  18.126878    253.550979       15.923284
  18.158603    -30.818701        0.000000
  18.190328   -173.713710        0.000000
  18.222053    480.540110       21.921225
  18.253778    -31.328268        0.000000
  18.285503   -710.911515        0.000000
  18.317228    -64.624138        0.000000
  18.348952    246.387013       15.696720
  18.380677    401.279474       20.031961
  18.412402   -530.743222        0.000000
  18.444127   -379.201892        0.000000
  18.475852    125.973526       11.223793
  18.507577    -39.789895        0.000000
  18.539302   -515.508600        0.000000
  18.571027    -35.266179        0.000000
  18.602752   -304.996800        0.000000
  18.634477    333.343303       18.257692
  18.666202   -112.943963        0.000000
  18.697926     25.725577        5.072039
  18.729651    283.222398       16.829213
  18.761376    231.658854       15.220343
  18.793101   -434.766885        0.000000
  18.824826     11.068317        3.326908
  18.856551    270.463727       16.445781
  18.888276    666.932732       25.825041
  18.920001   -395.095144        0.000000
  18.951726    -34.585080        0.000000
  18.983451     42.642405        6.530115
  19.015176    502.171974       22.409194
  19.046900   -265.359441        0.000000
  19.078625    213.955182       14.627207
  19.110350    132.925783       11.529344
  19.142075   -120.468910        0.000000
  19.173800   -355.249892        0.000000
  19.205525     16.843433        4.104075
  19.237250    -72.255438        0.000000
  19.268975    291.986806       17.087621
  19.300700   -362.214485        0.000000
  19.332425    -74.819510        0.000000
  19.364150   -113.825387        0.000000
  19.395875    218.435514       14.779564
  19.427599   -464.991696        0.000000
  19.459324   -455.878734        0.000000
  19.491049    147.785794       12.156718
  19.522774    443.048054       21.048707
  19.554499   -414.059856        0.000000
  19.586224    410.314058       20.256210
  19.617949    284.750042       16.874538
  19.649674    176.439386       13.283049
  19.681399   -571.838235        0.000000
  19.713124   -104.090612        0.000000
  19.744849   -120.835385        0.000000
  19.776573    219.347842       14.810396
  19.808298   -922.932073        0.000000
  19.840023   -207.602427        0.000000
  19.871748   -492.980032        0.000000
  19.903473    -44.777218        0.000000
  19.935198  -1118.861889        0.000000
  19.966923   -726.175465        0.000000
  19.998648    -82.968037        0.000000
  20.030373    -14.715855        0.000000
  20.062098   -281.554365        0.000000
  20.093823   -128.258804        0.000000
  20.125547    439.771006       20.970718
  20.157272    -30.462186        0.000000
  20.188997   -422.664217        0.000000
  20.220722   -479.812749        0.000000
  20.252447   -173.925466        0.000000
  20.284172    217.335602       14.742307
  20.315897    -36.836883        0.000000
  20.347622    -89.602692        0.000000
  20.379347   -379.527536        0.000000
  20.411072   -195.507494        0.000000
  20.442797   -781.429121        0.000000
  20.474521    -99.542934        0.000000
  20.506246    -10.306870        0.000000
  20.537971     75.509014        8.689592
  20.569696   -685.267279        0.000000
  20.601421   -127.807245        0.000000
  20.633146    117.546344       10.841879
  20.664871   -134.247399        0.000000
  20.696596   -756.095845        0.000000
  20.728321   -608.055074        0.000000
  20.760046     35.210959        5.933882
  20.791771    -29.386831        0.000000
  20.823496   -532.238759        0.000000
  20.855220   -379.019883        0.000000
  20.886945   -733.765553        0.000000
  20.918670    -22.958781        0.000000
  20.950395   -923.994139        0.000000
  20.982120   -461.392411        0.000000
  21.013845   -500.910934        0.000000
  21.045570   -153.854578        0.000000
  21.077295   -637.729814        0.000000
  21.109020   -447.292240        0.000000
  21.140745     -4.240950        0.000000
  21.172470    101.523456       10.075885
  21.204194   -708.099236        0.000000
  21.235919      8.616966        2.935467
  21.267644    -67.841766        0.000000
  21.299369   -490.210327        0.000000
  21.331094   -409.808110        0.000000
  21.362819    -89.178317        0.000000
  21.394544   -276.153524        0.000000
  21.426269    -15.245477        0.000000
  21.457994   -299.955568        0.000000
  21.489719    217.357710       14.743056
  21.521444   -123.754812        0.000000
  21.553168    -14.094791        0.000000
  21.584893   -568.682538        0.000000
  21.616618   -530.651267        0.000000
  21.648343   -391.979357        0.000000
  21.680068   -423.200317        0.000000
  21.711793   -145.461018        0.000000
  21.743518   -309.867310        0.000000
  21.775243    611.453437       24.727585
  21.806968    191.164483       13.826224
  21.838693   -639.633150        0.000000
  21.870418   -445.234425        0.000000
  21.902142     81.505043        9.028014
  21.933867    437.344846       20.912791
  21.965592   -415.303835        0.000000
  21.997317   -353.063206        0.000000
  22.029042   -464.364798        0.000000
  22.060767   -140.638483        0.000000
  22.092492   -922.129538        0.000000
  22.124217   -303.709295        0.000000
  22.155942   -136.366552        0.000000
  22.187667    197.354835       14.048304
  22.219392   -399.385968        0.000000
  22.251117     32.445091        5.696059
  22.282841    269.164317       16.406228
  22.314566    471.852106       21.722157
  22.346291   -383.285237        0.000000
  22.378016   -185.017218        0.000000
  22.409741    180.815245       13.446756
  22.441466    180.813656       13.446697
  22.473191   -542.767328        0.000000
  22.504916    -36.178266        0.000000
  22.536641   -245.063902        0.000000
  22.568366    159.738516       12.638770
  22.600091   -786.221189        0.000000
  22.631815    213.827474       14.622841
  22.663540   -241.283142        0.000000
  22.695265    285.637224       16.900805
  22.726990    -22.792538        0.000000
  22.758715    178.046380       13.343402
  22.790440    408.522383       20.211937
  22.822165    -34.433369        0.000000
  22.853890   -841.149270        0.000000
  22.885615   -414.434068        0.000000
  22.917340   -260.189274        0.000000
  22.949065    178.305136       13.353095
  22.980789   -454.294438        0.000000
  23.012514   -174.855634        0.000000
  23.044239   -714.198108        0.000000
  23.075964    -58.335695        0.000000
  23.107689   -898.245972        0.000000
  23.139414   -795.269374        0.000000
  23.171139    128.421336       11.332314
  23.202864    389.754443       19.742200
  23.234589   -624.174886        0.000000
  23.266314   -269.144685        0.000000
  23.298039   -206.946514        0.000000
  23.329763    195.704446       13.989441
  23.361488   -660.105768        0.000000
  23.393213   -406.894434        0.000000
  23.424938   -297.669575        0.000000
  23.456663    452.986489       21.283479
  23.488388   -579.686037        0.000000
  23.520113  -1031.483605        0.000000
  23.551838   -147.234434        0.000000
  23.583563   -449.574303        0.000000
  23.615288   -753.886419        0.000000
  23.647013    160.449410       12.666863
  23.678738    -48.665144        0.000000
  23.710462    109.145530       10.447274
  23.742187   -335.512721        0.000000
  23.773912    -99.207693        0.000000
  23.805637    190.153658       13.789621
  23.837362    572.591683       23.928888
  23.869087   -173.065916        0.000000
  23.900812   -338.835302        0.000000
  23.932537    -52.702663        0.000000
  23.964262   -353.517013        0.000000
  23.995987  -1032.869337        0.000000
  24.027712   -564.284898        0.000000
  24.059436   -349.496723        0.000000
  24.091161   -632.490761        0.000000
  24.122886  -1204.258914        0.000000
  24.154611  -1044.768818        0.000000
  24.186336   -257.577956        0.000000
  24.218061    -77.642334        0.000000
  24.249786   -497.530357        0.000000
  24.281511   -362.862088        0.000000
  24.313236    -54.833513        0.000000
  24.344961    157.984748       12.569198
  24.376686  -1069.023779        0.000000
  24.408410   -549.960122        0.000000
  24.440135    -56.893350        0.000000
  24.471860   -174.276600        0.000000
  24.503585   -666.832359        0.000000
  24.535310   -509.058146        0.000000
  24.567035    141.894918       11.911965
  24.598760   -135.146180        0.000000
  24.630485   -536.795275        0.000000
  24.662210    -65.040823        0.000000
  24.693935     48.396812        6.956782
  24.725660    180.872920       13.448900
  24.757384   -538.963212        0.000000
  24.789109   -354.730230        0.000000
  24.820834   -358.651608        0.000000
  24.852559   -426.276030        0.000000
  24.884284   -578.014701        0.000000
  24.916009   -249.384002        0.000000
  24.947734   -834.738541        0.000000
  24.979459   -559.856589        0.000000
  25.011184   -326.115164        0.000000
  25.042909   -554.763766        0.000000
  25.074634   -441.663116        0.000000
  25.106359   -290.121506        0.000000
  25.138083   -601.420926        0.000000
  25.169808   -587.477195        0.000000
  25.201533    133.876169       11.570487
  25.233258    379.682757       19.485450
  25.264983    238.955768       15.458194
  25.296708     56.361142        7.507406
  25.328433   -503.224335        0.000000
  25.360158   -526.696245        0.000000
  25.391883   -673.567216        0.000000
  25.423608   -649.017354        0.000000
  25.455333   -384.719938        0.000000
  25.487057   -244.442325        0.000000
  25.518782  -1094.993176        0.000000
  25.550507   -178.695562        0.000000
  25.582232   -205.799084        0.000000
  25.613957    210.636238       14.513312
  25.645682   -410.820192        0.000000
  25.677407    241.054668       15.525935
  25.709132    465.137335       21.567043
  25.740857   -205.882577        0.000000
  25.772582   -821.896942        0.000000
  25.804307   -243.824823        0.000000
  25.836031    -57.889442        0.000000
  25.867756   -352.688935        0.000000
  25.899481   -883.897574        0.000000
  25.931206   -363.526078        0.000000
  25.962931     39.819138        6.310241
  25.994656     33.767693        5.810998
  26.026381   -522.069227        0.000000
  26.058106     -5.793412        0.000000
  26.089831   -112.852743        0.000000
  26.121556   -114.511248        0.000000
  26.153281   -869.922018        0.000000
  26.185005     94.315789        9.711632
  26.216730     93.637976        9.676672
  26.248455    270.687978       16.452598
  26.280180   -706.012123        0.000000
  26.311905   -460.492724        0.000000
  26.343630     57.376650        7.574738
  26.375355   -403.712946        0.000000
  26.407080   -474.512858        0.000000
  26.438805   -587.166632        0.000000
  26.470530      5.700569        2.387586
  26.502255    123.473460       11.111861
  26.533980   -602.672204        0.000000
  26.565704   -304.737212        0.000000
  26.597429   -296.498945        0.000000
  26.629154     80.877799        8.993209
  26.660879     -4.189805        0.000000
  26.692604   -335.388951        0.000000
  26.724329    181.890327       13.486672
  26.756054    128.217292       11.323307
  26.787779   -368.714617        0.000000
  26.819504   -383.323820        0.000000
  26.851229    240.701618       15.514561
  26.882954  -2043.190720        0.000000