 Eloss (eV)   Int (a.u.)  Int Err (a.u.)
 -37.854326  -988.302393        0.000000
 -37.822601  -549.831628        0.000000
 -37.790876  -612.580652        0.000000
 -37.759151  -112.139734        0.000000
 -37.727426 -1665.921838        0.000000
 -37.695702  -921.576501        0.000000
 -37.663977 -1435.418115        0.000000
 -37.632252  -260.729211        0.000000
 -37.600527  -755.604761        0.000000
 -37.568802 -1274.564233        0.000000
 -37.537077 -1035.088342        0.000000
 -37.505352  -565.971887        0.000000
 -37.473627  -610.065698        0.000000
 -37.441902  -898.379846        0.000000
 -37.410177 -1607.963098        0.000000
 -37.378452  -707.247400        0.000000
 -37.346728  -924.559167        0.000000
 -37.315003  -826.909387        0.000000
 -37.283278 -1061.623499        0.000000
 -37.251553  -281.298792        0.000000
 -37.219828 -1088.214502        0.000000
 -37.188103 -1445.120325        0.000000
 -37.156378  -627.596765        0.000000
 -37.124653  -273.705896        0.000000
 -37.092928 -1653.269373        0.000000
 -37.061203 -1089.515649        0.000000
 -37.029478 -1110.326929        0.000000
 -36.997754  -515.338464        0.000000
 -36.966029  -511.644556        0.000000
 -36.934304 -1532.146692        0.000000
 -36.902579 -1159.326501        0.000000
 -36.870854  -287.547693        0.000000
 -36.839129 -1398.442468        0.000000
 -36.807404  -969.099451        0.000000
 -36.775679  -878.661340        0.000000
 -36.743954  -125.026086        0.000000
 -36.712229 -1654.136682        0.000000
 -36.680504 -1319.451501        0.000000
 -36.648779  -723.727991        0.000000
 -36.617055  -707.189294        0.000000
 -36.585330 -1262.853662        0.000000
 -36.553605  -570.192712        0.000000
 -36.521880  -962.405481        0.000000
 -36.490155  -587.982385        0.000000
 -36.458430 -1377.799890        0.000000
 -36.426705 -1549.656946        0.000000
 -36.394980 -1145.751428        0.000000
 -36.363255  -929.163293        0.000000
 -36.331530  -942.919702        0.000000
 -36.299805 -1582.597437        0.000000
 -36.268081  -619.347864        0.000000
 -36.236356 -1355.577112        0.000000
 -36.204631 -1694.585168        0.000000
 -36.172906 -1059.113367        0.000000
 -36.141181  -987.360437        0.000000
 -36.109456  -182.377771        0.000000
 -36.077731  -641.076013        0.000000
 -36.046006  -927.801965        0.000000
 -36.014281  -286.134363        0.000000
 -35.982556  -100.256433        0.000000
 -35.950831 -1649.872400        0.000000
 -35.919107 -1792.185205        0.000000
 -35.887382  -815.352197        0.000000
 -35.855657  -917.086206        0.000000
 -35.823932 -1418.271936        0.000000
 -35.792207 -1256.632898        0.000000
 -35.760482  -882.173059        0.000000
 -35.728757    67.164587        8.195400
 -35.697032 -1476.050134        0.000000
 -35.665307 -1132.582422        0.000000
 -35.633582  -528.873987        0.000000
 -35.601857  -317.680505        0.000000
 -35.570133 -1440.403345        0.000000
 -35.538408 -1381.462244        0.000000
 -35.506683  -850.736902        0.000000
 -35.474958  -405.031824        0.000000
 -35.443233 -1474.118005        0.000000
 -35.411508 -1758.930261        0.000000
 -35.379783  -963.095056        0.000000
 -35.348058 -1048.886804        0.000000
 -35.316333 -1244.864648        0.000000
 -35.284608  -907.578577        0.000000
 -35.252883 -1281.095544        0.000000
 -35.221158   -92.119714        0.000000
 -35.189434  -915.394312        0.000000
 -35.157709 -1240.393030        0.000000
 -35.125984  -623.000818        0.000000
 -35.094259  -209.166345        0.000000
 -35.062534  -877.415002        0.000000
 -35.030809  -790.344019        0.000000
 -34.999084 -1382.675745        0.000000
 -34.967359  -386.132288        0.000000
 -34.935634 -1642.802393        0.000000
 -34.903909 -1474.883997        0.000000
 -34.872184 -1391.614465        0.000000
 -34.840460  -982.155298        0.000000
 -34.808735 -1124.374109        0.000000
 -34.777010 -1538.668909        0.000000
 -34.745285 -1291.719202        0.000000
 -34.713560 -1142.548792        0.000000
 -34.681835 -1280.823389        0.000000
 -34.650110 -1602.281763        0.000000
 -34.618385  -648.003748        0.000000
 -34.586660   259.497107       16.108914
 -34.554935 -1177.619348        0.000000
 -34.523210  -834.581873        0.000000
 -34.491486  -394.201379        0.000000
 -34.459761   -19.215662        0.000000
 -34.428036  -758.603601        0.000000
 -34.396311  -762.830042        0.000000
 -34.364586 -1208.249658        0.000000
 -34.332861  -756.579370        0.000000
 -34.301136 -1251.528650        0.000000
 -34.269411 -1304.242883        0.000000
 -34.237686 -1703.625330        0.000000
 -34.205961  -618.744836        0.000000
 -34.174236 -1391.728418        0.000000
 -34.142512 -1703.325708        0.000000
 -34.110787  -965.033533        0.000000
 -34.079062  -507.739587        0.000000
 -34.047337  -611.274744        0.000000
 -34.015612  -713.982507        0.000000
 -33.983887 -1076.520837        0.000000
 -33.952162   -85.128992        0.000000
 -33.920437 -1218.967859        0.000000
 -33.888712 -1302.009241        0.000000
 -33.856987 -1126.173914        0.000000
 -33.825262  -663.112817        0.000000
 -33.793537 -1619.339990        0.000000
 -33.761813  -495.288171        0.000000
 -33.730088 -1341.962366        0.000000
 -33.698363    85.033118        9.221340
 -33.666638 -1184.920068        0.000000
 -33.634913  -728.157068        0.000000
 -33.603188  -981.641504        0.000000
 -33.571463  -382.920984        0.000000
 -33.539738 -1421.698267        0.000000
 -33.508013  -816.782495        0.000000
 -33.476288 -1356.769617        0.000000
 -33.444563  -369.959802        0.000000
 -33.412839 -1788.087305        0.000000
 -33.381114 -1084.999597        0.000000
 -33.349389  -810.717004        0.000000
 -33.317664  -199.518152        0.000000
 -33.285939 -1141.264612        0.000000
 -33.254214  -746.536646        0.000000
 -33.222489  -985.534143        0.000000
 -33.190764  -785.346643        0.000000
 -33.159039 -1877.500452        0.000000
 -33.127314  -312.854089        0.000000
 -33.095589  -235.265222        0.000000
 -33.063865   360.945715       18.998571
 -33.032140  -972.472192        0.000000
 -33.000415  -918.251306        0.000000
 -32.968690  -842.028284        0.000000
 -32.936965  -822.176965        0.000000
 -32.905240 -1765.178857        0.000000
 -32.873515 -1586.746484        0.000000
 -32.841790 -1150.571680        0.000000
 -32.810065   -73.059290        0.000000
 -32.778340 -1440.821497        0.000000
 -32.746615  -677.905115        0.000000
 -32.714891 -1540.995691        0.000000
 -32.683166   -51.132410        0.000000
 -32.651441 -1524.067285        0.000000
 -32.619716 -1306.790430        0.000000
 -32.587991  -283.731165        0.000000
 -32.556266   375.113806       19.367855
 -32.524541 -1305.649622        0.000000
 -32.492816 -1080.565515        0.000000
 -32.461091  -362.292566        0.000000
 -32.429366  -618.081995        0.000000
 -32.397641 -1139.556970        0.000000
 -32.365916 -1479.030359        0.000000
 -32.334192 -1055.203149        0.000000
 -32.302467  -226.241907        0.000000
 -32.270742 -1219.104211        0.000000
 -32.239017 -1365.772058        0.000000
 -32.207292  -568.137781        0.000000
 -32.175567  -360.705042        0.000000
 -32.143842 -1156.700403        0.000000
 -32.112117 -1311.794885        0.000000
 -32.080392 -1283.112634        0.000000
 -32.048667  -604.593591        0.000000
 -32.016942 -1118.935144        0.000000
 -31.985218 -2031.678125        0.000000
 -31.953493  -908.052515        0.000000
 -31.921768  -381.213220        0.000000
 -31.890043 -1252.386865        0.000000
 -31.858318 -1239.419458        0.000000
 -31.826593  -912.345483        0.000000
 -31.794868    83.045935        9.112954
 -31.763143 -1350.456750        0.000000
 -31.731418  -991.391077        0.000000
 -31.699693  -912.406641        0.000000
 -31.667968  -157.630701        0.000000
 -31.636244 -1019.370508        0.000000
 -31.604519  -862.439539        0.000000
 -31.572794  -854.891321        0.000000
 -31.541069    56.130530        7.492031
 -31.509344 -1588.743372        0.000000
 -31.477619  -350.883020        0.000000
 -31.445894  -717.717493        0.000000
 -31.414169  -481.784631        0.000000
 -31.382444 -1359.486230        0.000000
 -31.350719  -964.643823        0.000000
 -31.318994  -851.917688        0.000000
 -31.287270  -230.798425        0.000000
 -31.255545 -1096.540369        0.000000
 -31.223820 -1161.988489        0.000000
 -31.192095  -764.927576        0.000000
 -31.160370  -135.382288        0.000000
 -31.128645 -1079.102930        0.000000
 -31.096920  -890.878381        0.000000
 -31.065195  -909.600793        0.000000
 -31.033470  -453.840051        0.000000
 -31.001745 -1254.128198        0.000000
 -30.970020 -1387.183435        0.000000
 -30.938295  -825.391809        0.000000
 -30.906571  -192.980188        0.000000
 -30.874846 -1383.529504        0.000000
 -30.843121 -1215.201929        0.000000
 -30.811396  -736.967798        0.000000
 -30.779671  -606.709558        0.000000
 -30.747946 -1389.379846        0.000000
 -30.716221 -1124.546472        0.000000
 -30.684496  -145.255212        0.000000
 -30.652771   415.272375       20.378233
 -30.621046  -935.839929        0.000000
 -30.589321  -453.503870        0.000000
 -30.557597  -607.425378        0.000000
 -30.525872  -142.187341        0.000000
 -30.494147 -1491.401758        0.000000
 -30.462422  -513.451135        0.000000
 -30.430697 -1260.181238        0.000000
 -30.398972  -214.003259        0.000000
 -30.367247 -1419.787256        0.000000
 -30.335522 -1035.143396        0.000000
 -30.303797  -734.979944        0.000000
 -30.272072  -292.449304        0.000000
 -30.240347 -1255.467432        0.000000
 -30.208623  -681.858423        0.000000
 -30.176898  -514.631799        0.000000
 -30.145173  -355.315027        0.000000
 -30.113448  -806.593225        0.000000
 -30.081723  -612.380823        0.000000
 -30.049998  -722.229211        0.000000
 -30.018273  -611.435999        0.000000
 -29.986548  -685.346277        0.000000
 -29.954823 -1382.699731        0.000000
 -29.923098 -1090.989526        0.000000
 -29.891373  -154.751917        0.000000
 -29.859649 -1260.111597        0.000000
 -29.827924  -687.325281        0.000000
 -29.796199  -361.131555        0.000000
 -29.764474   204.265662       14.292154
 -29.732749  -957.980615        0.000000
 -29.701024 -1037.387415        0.000000
 -29.669299  -507.991296        0.000000
 -29.637574   167.850989       12.955732
 -29.605849 -1227.845422        0.000000
 -29.574124  -257.584802        0.000000
 -29.542399  -314.459680        0.000000
 -29.510674   -29.163782        0.000000
 -29.478950 -1526.818811        0.000000
 -29.447225 -1314.637537        0.000000
 -29.415500  -684.766077        0.000000
 -29.383775  -150.706262        0.000000
 -29.352050 -1605.875208        0.000000
 -29.320325 -1488.795068        0.000000
 -29.288600  -860.222131        0.000000
 -29.256875   159.593542       12.633034
 -29.225150 -1382.204248        0.000000
 -29.193425  -836.533044        0.000000
 -29.161700    24.496375        4.949381
 -29.129976   113.413733       10.649588
 -29.098251 -1286.381311        0.000000
 -29.066526  -577.840417        0.000000
 -29.034801  -182.939417        0.000000
 -29.003076  -569.449670        0.000000
 -28.971351 -1313.754419        0.000000
 -28.939626  -712.458704        0.000000
 -28.907901 -1004.047327        0.000000
 -28.876176  -105.917566        0.000000
 -28.844451 -1436.311548        0.000000
 -28.812726  -669.664026        0.000000
 -28.781002 -1213.331140        0.000000
 -28.749277  -310.063684        0.000000
 -28.717552  -531.978113        0.000000
 -28.685827   146.744910       12.113831
 -28.654102  -929.207422        0.000000
 -28.622377    54.131018        7.357378
 -28.590652  -178.187952        0.000000
 -28.558927  -789.394739        0.000000
 -28.527202  -931.286218        0.000000
 -28.495477   158.786169       12.601038
 -28.463752 -1178.708337        0.000000
 -28.432028  -552.983850        0.000000
 -28.400303  -535.800134        0.000000
 -28.368578  -125.765955        0.000000
 -28.336853  -678.430994        0.000000
 -28.305128  -840.597498        0.000000
 -28.273403 -1340.233728        0.000000
 -28.241678  -169.238123        0.000000
 -28.209953  -713.485193        0.000000
 -28.178228  -670.422754        0.000000
 -28.146503   -67.955652        0.000000
 -28.114778  -184.141565        0.000000
 -28.083053  -801.080286        0.000000
 -28.051329  -952.885400        0.000000
 -28.019604 -1276.580774        0.000000
 -27.987879  -993.548547        0.000000
 -27.956154  -232.155176        0.000000
 -27.924429 -1336.730188        0.000000
 -27.892704  -647.289026        0.000000
 -27.860979  -275.326746        0.000000
 -27.829254 -1001.029138        0.000000
 -27.797529 -1361.762170        0.000000
 -27.765804  -404.398157        0.000000
 -27.734079  -399.758264        0.000000
 -27.702355  -841.422449        0.000000
 -27.670630  -619.820642        0.000000
 -27.638905 -1015.303857        0.000000
 -27.607180   -35.731409        0.000000
 -27.575455 -1282.897180        0.000000
 -27.543730  -892.739954        0.000000
 -27.512005  -587.821191        0.000000
 -27.480280  -111.051477        0.000000
 -27.448555 -1738.642053        0.000000
 -27.416830 -1006.997156        0.000000
 -27.385105  -852.149011        0.000000
 -27.353381   -90.898279        0.000000
 -27.321656 -1256.633630        0.000000
 -27.289931  -927.378931        0.000000
 -27.258206  -565.819421        0.000000
 -27.226481    94.100500        9.700541
 -27.194756  -480.707361        0.000000
 -27.163031  -628.507715        0.000000
 -27.131306  -366.995325        0.000000
 -27.099581  -132.839685        0.000000
 -27.067856 -1135.454675        0.000000
 -27.036131  -480.638757        0.000000
 -27.004406  -361.368616        0.000000
 -26.972682     2.235388        1.495121
 -26.940957  -784.374719        0.000000
 -26.909232 -1098.011255        0.000000
 -26.877507 -1125.319543        0.000000
 -26.845782   294.275183       17.154451
 -26.814057 -1447.922327        0.000000
 -26.782332  -996.179163        0.000000
 -26.750607   182.599402       13.512935
 -26.718882   659.452185       25.679801
 -26.687157 -1060.516931        0.000000
 -26.655432  -671.125696        0.000000
 -26.623708 -1355.942346        0.000000
 -26.591983   898.122717       29.968696
 -26.560258 -1103.253015        0.000000
 -26.528533  -705.993372        0.000000
 -26.496808 -1047.156335        0.000000
 -26.465083  -712.219568        0.000000
 -26.433358  -191.832666        0.000000
 -26.401633 -1010.610193        0.000000
 -26.369908  -635.951746        0.000000
 -26.338183   135.037878       11.620580
 -26.306458  -212.670740        0.000000
 -26.274734  -430.321375        0.000000
 -26.243009  -203.403345        0.000000
 -26.211284   357.408240       18.905244
 -26.179559  -598.437280        0.000000
 -26.147834  -763.848108        0.000000
 -26.116109  -639.951135        0.000000
 -26.084384   692.996985       26.324836
 -26.052659  -853.009790        0.000000
 -26.020934  -198.412561        0.000000
 -25.989209  -311.530969        0.000000
 -25.957484   568.988196       23.853473
 -25.925760  -693.203577        0.000000
 -25.894035  -217.728479        0.000000
 -25.862310 -1264.795374        0.000000
 -25.830585   660.624670       25.702620
 -25.798860  -352.398584        0.000000
 -25.767135  -640.081140        0.000000
 -25.735410  -165.719080        0.000000
 -25.703685   707.016516       26.589782
 -25.671960  -437.719080        0.000000
 -25.640235  -510.017542        0.000000
 -25.608510  -275.264368        0.000000
 -25.576785   599.948523       24.493847
 -25.545061  -747.943933        0.000000
 -25.513336   666.037878       25.807710
 -25.481611  -341.615320        0.000000
 -25.449886   179.345374       13.391989
 -25.418161  -398.611047        0.000000
 -25.386436  -675.508203        0.000000
 -25.354711  -565.587122        0.000000
 -25.322986   433.577673       20.822528
 -25.291261  -742.014490        0.000000
 -25.259536  -195.175867        0.000000
 -25.227811  -573.145959        0.000000
 -25.196087    38.142249        6.175941
 -25.164362 -1023.702722        0.000000
 -25.132637  -561.214441        0.000000
 -25.100912  -372.283411        0.000000
 -25.069187   -22.041223        0.000000
 -25.037462  -870.180505        0.000000
 -25.005737  -524.193689        0.000000
 -24.974012  -914.984705        0.000000
 -24.942287   289.253943       17.007467
 -24.910562  -742.674036        0.000000
 -24.878837  -353.252161        0.000000
 -24.847113  -450.053552        0.000000
 -24.815388   926.423987       30.437214
 -24.783663  -250.491052        0.000000
 -24.751938  -197.812830        0.000000
 -24.720213  -764.198816        0.000000
 -24.688488   527.635657       22.970321
 -24.656763  -445.013269        0.000000
 -24.625038   -69.917322        0.000000
 -24.593313  -273.889612        0.000000
 -24.561588   141.106604       11.878830
 -24.529863  -526.027673        0.000000
 -24.498139  -977.857263        0.000000
 -24.466414   107.844031       10.384798
 -24.434689   313.921179       17.717821
 -24.402964   -18.145593        0.000000
 -24.371239 -1113.629602        0.000000
 -24.339514  -585.743188        0.000000
 -24.307789   617.538000       24.850312
 -24.276064  -540.666162        0.000000
 -24.244339  -159.597620        0.000000
 -24.212614  -441.547205        0.000000
 -24.180889   -10.580286        0.000000
 -24.149164  -244.770959        0.000000
 -24.117440  -172.492029        0.000000
 -24.085715  -468.331995        0.000000
 -24.053990   260.131262       16.128585
 -24.022265  -576.924707        0.000000
 -23.990540  -189.750208        0.000000
 -23.958815  -933.816370        0.000000
 -23.927090  -348.031946        0.000000
 -23.895365 -1104.361658        0.000000
 -23.863640  -356.022668        0.000000
 -23.831915  -528.672571        0.000000
 -23.800190   135.515540       11.641114
 -23.768466   114.586951       10.704529
 -23.736741   -42.024011        0.000000
 -23.705016  -621.275110        0.000000
 -23.673291   251.908606       15.871629
 -23.641566    74.143958        8.610689
 -23.609841   139.741736       11.821241
 -23.578116  -315.604334        0.000000
 -23.546391    36.479163        6.039798
 -23.514666 -1217.209985        0.000000
 -23.482941  -695.561121        0.000000
 -23.451216  -843.702478        0.000000
 -23.419492   -65.377649        0.000000
 -23.387767  -387.649133        0.000000
 -23.356042 -1058.745020        0.000000
 -23.324317  -510.322717        0.000000
 -23.292592  -318.806360        0.000000
 -23.260867  -700.638513        0.000000
 -23.229142  -669.251306        0.000000
 -23.197417  -147.754480        0.000000
 -23.165692   500.303259       22.367460
 -23.133967  -765.972375        0.000000
 -23.102242  -197.415735        0.000000
 -23.070518  -613.148523        0.000000
 -23.038793   -15.398767        0.000000
 -23.007068  -869.625574        0.000000
 -22.975343  -452.264856        0.000000
 -22.943618  -563.446619        0.000000
 -22.911893   425.475378       20.627055
 -22.880168  -913.522302        0.000000
 -22.848443   -27.397058        0.000000
 -22.816718   -56.465784        0.000000
 -22.784993   -18.508020        0.000000
 -22.753268  -804.121851        0.000000
 -22.721543 -1121.401331        0.000000
 -22.689819  -322.992273        0.000000
 -22.658094   275.661169       16.603047
 -22.626369  -234.829309        0.000000
 -22.594644   -39.977258        0.000000
 -22.562919  -297.164514        0.000000
 -22.531194   -69.724695        0.000000
 -22.499469  -879.600488        0.000000
 -22.467744  -757.763635        0.000000
 -22.436019  -962.569482        0.000000
 -22.404294   -22.512903        0.000000
 -22.372569 -1078.772730        0.000000
 -22.340845  -980.446375        0.000000
 -22.309120   -61.764001        0.000000
 -22.277395   577.734290       24.036104
 -22.245670  -532.907739        0.000000
 -22.213945  -377.991541        0.000000
 -22.182220 -1034.432520        0.000000
 -22.150495   565.392004       23.777973
 -22.118770  -510.790857        0.000000
 -22.087045  -858.185022        0.000000
 -22.055320  -735.760584        0.000000
 -22.023595  -199.263513        0.000000
 -21.991871 -1238.635584        0.000000
 -21.960146  -911.640100        0.000000
 -21.928421  -563.469812        0.000000
 -21.896696   146.706580       12.112249
 -21.864971  -334.346277        0.000000
 -21.833246  -409.895593        0.000000
 -21.801521   -12.600549        0.000000
 -21.769796   520.512610       22.814745
 -21.738071  -753.927576        0.000000
 -21.706346  -335.975549        0.000000
 -21.674621  -940.733850        0.000000
 -21.642897   936.685828       30.605324
 -21.611172  -807.928674        0.000000
 -21.579447  -552.149500        0.000000
 -21.547722  -130.409387        0.000000
 -21.515997   -61.271936        0.000000
 -21.484272  -896.858972        0.000000
 -21.452547   303.752722       17.428503
 -21.420822  -546.580652        0.000000
 -21.389097   728.975867       26.999553
 -21.357372 -1330.278650        0.000000
 -21.325647  -330.372156        0.000000
 -21.293922   188.422400       13.726704
 -21.262198    -9.725061        0.000000
 -21.230473    90.410437        9.508440
 -21.198748  -915.909143        0.000000
 -21.167023  -320.076257        0.000000
 -21.135298   392.435950       19.809996
 -21.103573  -689.800928        0.000000
 -21.071848 -1113.349878        0.000000
 -21.040123   179.591223       13.401165
 -21.008398   365.446326       19.116650
 -20.976673 -1155.707666        0.000000
 -20.944948   -10.641321        0.000000
 -20.913224  -867.821130        0.000000
 -20.881499  -108.544519        0.000000
 -20.849774    44.272864        6.653786
 -20.818049  -909.601526        0.000000
 -20.786324  -836.018030        0.000000
 -20.754599   381.175085       19.523706
 -20.722874  -172.743982        0.000000
 -20.691149   -95.672693        0.000000
 -20.659424  -530.495630        0.000000
 -20.627699    91.129065        9.546154
 -20.595974  -472.541223        0.000000
 -20.564250  -434.092859        0.000000
 -20.532525  -467.764124        0.000000
 -20.500800  -245.255701        0.000000
 -20.469075  -609.420007        0.000000
 -20.437350  -989.397302        0.000000
 -20.405625  -576.697229        0.000000
 -20.373900    -7.012537        0.000000
 -20.342175  -184.784753        0.000000
 -20.310450  -385.050134        0.000000
 -20.278725  -117.255945        0.000000
 -20.247000   201.996985       14.212564
 -20.215276  -244.035242        0.000000
 -20.183551  -778.540369        0.000000
 -20.151826  -303.385950        0.000000
 -20.120101   -53.942468        0.000000
 -20.088376  -782.508813        0.000000
 -20.056651  -209.045984        0.000000
 -20.024926  -842.448816        0.000000
 -19.993201   500.171301       22.364510
 -19.961476  -171.563684        0.000000
 -19.929751   -42.716760        0.000000
 -19.898026     7.686194        2.772399
 -19.866301   630.723425       25.114208
 -19.834577  -248.826501        0.000000
 -19.802852   250.549963       15.828770
 -19.771127  -689.269861        0.000000
 -19.739402   286.959631       16.939883
 -19.707677  -790.982568        0.000000
 -19.675952    69.490027        8.336068
 -19.644227  -182.072107        0.000000
 -19.612502   330.192541       18.171201
 -19.580777  -638.551721        0.000000
 -19.549052  -477.708704        0.000000
 -19.517327  -533.290491        0.000000
 -19.485603   592.060461       24.332293
 -19.453878  -178.331262        0.000000
 -19.422153  -414.622522        0.000000
 -19.390428  -635.011072        0.000000
 -19.358703   181.363318       13.467120
 -19.326978  -764.506067        0.000000
 -19.295253  -929.305933        0.000000
 -19.263528  -739.536157        0.000000
 -19.231803   496.713049       22.287060
 -19.200078  -693.925317        0.000000
 -19.168353  -877.628381        0.000000
 -19.136629  -750.737573        0.000000
 -19.104904  -348.892175        0.000000
 -19.073179  -673.883142        0.000000
 -19.041454  -379.551599        0.000000
 -19.009729  -457.480066        0.000000
 -18.978004   272.872595       16.518856
 -18.946279  -562.331018        0.000000
 -18.914554  -592.376306        0.000000
 -18.882829  -683.150598        0.000000
 -18.851104   581.150061       24.107054
 -18.819379  -380.167810        0.000000
 -18.787655  -372.064050        0.000000
 -18.755930   -59.598230        0.000000
 -18.724205   899.715002       29.995250
 -18.692480  -984.361292        0.000000
 -18.660755  -534.329431        0.000000
 -18.629030  -440.399133        0.000000
 -18.597305   437.978186       20.927928
 -18.565580 -1016.729822        0.000000
 -18.533855  -313.611414        0.000000
 -18.502130  -296.333582        0.000000
 -18.470405    37.808752        6.148882
 -18.438680  -457.819299        0.000000
 -18.406956  -511.928918        0.000000
 -18.375231   -86.261682        0.000000
 -18.343506    -5.897546        0.000000
 -18.311781  -165.386804        0.000000
 -18.280056  -490.524133        0.000000
 -18.248331   521.020178       22.825866
 -18.216606   522.471228       22.857630
 -18.184881   232.178259       15.237397
 -18.153156  -308.266687        0.000000
 -18.121431  -587.545007        0.000000
 -18.089706    35.230872        5.935560
 -18.057982  -628.145593        0.000000
 -18.026257  -481.937341        0.000000
 -17.994532  -500.193567        0.000000
 -17.962807   337.352209       18.367150
 -17.931082 -1130.695886        0.000000
 -17.899357  -769.912439        0.000000
 -17.867632  -680.670251        0.000000
 -17.835907   712.387732       26.690593
 -17.804182 -1005.424768        0.000000
 -17.772457   132.253333       11.500145
 -17.740732  -684.275110        0.000000
 -17.709008   850.729041       29.167260
 -17.677283  -756.301965        0.000000
 -17.645558  -599.741907        0.000000
 -17.613833  -348.137659        0.000000
 -17.582108   351.522253       18.748927
 -17.550383  -843.836084        0.000000
 -17.518658 -1543.745447        0.000000
 -17.486933   325.746130       18.048438
 -17.455208  -291.313074        0.000000
 -17.423483  -386.327844        0.000000
 -17.391758    23.635413        4.861627
 -17.360034   301.605139       17.366783
 -17.328309    48.509802        6.964898
 -17.296584  -914.597620        0.000000
 -17.264859  -784.366052        0.000000
 -17.233134  -262.107019        0.000000
 -17.201409   138.384436       11.763691
 -17.169684  -554.564539        0.000000
 -17.137959  -229.012659        0.000000
 -17.106234  -622.246301        0.000000
 -17.074509    94.337927        9.712771
 -17.042784  -669.099756        0.000000
 -17.011059  -430.106897        0.000000
 -16.979335  -395.342737        0.000000
 -16.947610   502.649084       22.419837
 -16.915885  -373.597375        0.000000
 -16.884160  -346.974573        0.000000
 -16.852435 -1032.197107        0.000000
 -16.820710   737.593054       27.158664
 -16.788985  -552.150232        0.000000
 -16.757260  -358.818567        0.000000
 -16.725535  -656.153284        0.000000
 -16.693810   188.373083       13.724907
 -16.662085  -870.976160        0.000000
 -16.630361  -960.424158        0.000000
 -16.598636  -764.833521        0.000000
 -16.566911  -120.759119        0.000000
 -16.535186  -368.288660        0.000000
 -16.503461  -601.751672        0.000000
 -16.471736  -237.136926        0.000000
 -16.440011  -103.628625        0.000000
 -16.408286  -303.380823        0.000000
 -16.376561  -566.151086        0.000000
 -16.344836  -972.751428        0.000000
 -16.313111   409.928381       20.246688
 -16.281387  -451.277429        0.000000
 -16.249662  -784.067346        0.000000
 -16.217937  -875.883020        0.000000
 -16.186212  -406.141199        0.000000
 -16.154487  -915.492029        0.000000
 -16.122762  -454.261316        0.000000
 -16.091037  -469.279382        0.000000
 -16.059312   156.799109       12.521945
 -16.027587  -499.578088        0.000000
 -15.995862  -308.908411        0.000000
 -15.964137  -945.089319        0.000000
 -15.932413   622.117834       24.942290
 -15.900688  -699.854272        0.000000
 -15.868963  -540.033899        0.000000
 -15.837238  -113.390222        0.000000
 -15.805513   229.928748       15.163402
 -15.773788 -1425.276941        0.000000
 -15.742063  -325.222864        0.000000
 -15.710338  -470.740320        0.000000
 -15.678613   -97.229578        0.000000
 -15.646888  -356.279565        0.000000
 -15.615163  -904.806970        0.000000
 -15.583438 -1238.992029        0.000000
 -15.551714   388.761633       19.717039
 -15.519989  -501.299158        0.000000
 -15.488264  -503.850793        0.000000
 -15.456539   407.565466       20.188251
 -15.424814    52.765906        7.264014
 -15.393089  -493.164026        0.000000
 -15.361364 -1276.521631        0.000000
 -15.329639   302.605627       17.395563
 -15.297914  -226.911340        0.000000
 -15.266189  -242.993127        0.000000
 -15.234464  -797.670251        0.000000
 -15.202740  -797.268640        0.000000
 -15.171015   207.391760       14.401103
 -15.139290  -916.349512        0.000000
 -15.107565  -998.542810        0.000000
 -15.075840   -44.721399        0.000000
 -15.044115  -294.475671        0.000000
 -15.012390  -453.763269        0.000000
 -14.980665  -619.066614        0.000000
 -14.948940  -192.994104        0.000000
 -14.917215   727.371497       26.969826
 -14.885490  -533.577295        0.000000
 -14.853766  -418.419031        0.000000
 -14.822041  -401.832605        0.000000
 -14.790316  1021.726599       31.964458
 -14.758591  -861.304529        0.000000
 -14.726866  -308.171350        0.000000
 -14.695141  -566.467126        0.000000
 -14.663416   344.122229       18.550532
 -14.631691 -1149.919336        0.000000
 -14.599966  -178.678918        0.000000
 -14.568241  -652.593225        0.000000
 -14.536516  -154.572961        0.000000
 -14.504792  -644.749841        0.000000
 -14.473067  -205.244959        0.000000
 -14.441342  -638.189661        0.000000
 -14.409617   331.485022       18.206730
 -14.377892  -293.028894        0.000000
 -14.346167  -637.580530        0.000000
 -14.314442  -830.526575        0.000000
 -14.282717   440.558752       20.989491
 -14.250992  -963.306726        0.000000
 -14.219267  -538.788171        0.000000
 -14.187542  -136.325037        0.000000
 -14.155817    37.084509        6.089705
 -14.124093 -1099.748499        0.000000
 -14.092368  -190.499353        0.000000
 -14.060643  -442.371545        0.000000
 -14.028918  -119.894617        0.000000
 -13.997193  -887.349390        0.000000
 -13.965468  -360.409387        0.000000
 -13.933743  -428.819421        0.000000
 -13.902018   -44.472375        0.000000
 -13.870293  -341.948450        0.000000
 -13.838568  -370.696619        0.000000
 -13.806843  -345.284387        0.000000
 -13.775119    84.000647        9.165187
 -13.743394  -751.344385        0.000000
 -13.711669  -108.818201        0.000000
 -13.679944  -601.363245        0.000000
 -13.648219   845.970129       29.085566
 -13.616494  -384.556970        0.000000
 -13.584769  -690.513513        0.000000
 -13.553044  -195.951868        0.000000
 -13.521319   116.051794       10.772734
 -13.489594  -797.245752        0.000000
 -13.457869   -87.052332        0.000000
 -13.426145  -557.524011        0.000000
 -13.394420    20.516760        4.529543
 -13.362695  -880.544275        0.000000
 -13.330970  -698.977258        0.000000
 -13.299245  -279.384729        0.000000
 -13.267520   605.499182       24.606893
 -13.235795  -729.208826        0.000000
 -13.204070   103.294226       10.163377
 -13.172345  -122.350427        0.000000
 -13.140620   553.048987       23.516994
 -13.108895 -1180.022485        0.000000
 -13.077171  -165.272791        0.000000
 -13.045446  -157.172205        0.000000
 -13.013721     7.892493        2.809358
 -12.981996  -686.511377        0.000000
 -12.950271    98.865027        9.943089
 -12.918546  -406.970056        0.000000
 -12.886821   949.036780       30.806441
 -12.855096  -525.837854        0.000000
 -12.823371  -242.681970        0.000000
 -12.791646  -229.992517        0.000000
 -12.759921   304.803381       17.458619
 -12.728196  -935.357629        0.000000
 -12.696472    37.230750        6.101701
 -12.664747  -331.434900        0.000000
 -12.633022  -302.755457        0.000000
 -12.601297  -298.229944        0.000000
 -12.569572  -660.140710        0.000000
 -12.537847  -217.131555        0.000000
 -12.506122   818.138708       28.603124
 -12.474397  -175.680322        0.000000
 -12.442672  -558.513879        0.000000
 -12.410947  -111.916834        0.000000
 -12.379222   285.605627       16.899871
 -12.347498  -114.167932        0.000000
 -12.315773  -360.321741        0.000000
 -12.284048  -345.965906        0.000000
 -12.252323   385.610388       19.636965
 -12.220598  -426.597253        0.000000
 -12.188873  -112.472375        0.000000
 -12.157148  -912.852441        0.000000
 -12.125423  -313.114832        0.000000
 -12.093698  -575.473718        0.000000
 -12.061973  -301.226770        0.000000
 -12.030248  -817.437158        0.000000
 -11.998524   279.105627       16.706455
 -11.966799  -409.226282        0.000000
 -11.935074 -1109.172449        0.000000
 -11.903349 -1011.994836        0.000000
 -11.871624   113.814001       10.668365
 -11.839899  -756.146448        0.000000
 -11.808174  -509.375818        0.000000
 -11.776449  -359.851404        0.000000
 -11.744724   428.632727       20.703447
 -11.712999  -198.908838        0.000000
 -11.681274  -333.362878        0.000000
 -11.649550  -270.683313        0.000000
 -11.617825    56.181555        7.495436
 -11.586100  -839.857446        0.000000
 -11.554375   -60.736902        0.000000
 -11.522650  -354.766443        0.000000
 -11.490925   372.772131       19.307308
 -11.459200  -913.582361        0.000000
 -11.427475    80.045203        8.946798
 -11.395750   271.169958       16.467239
 -11.364025   287.114416       16.944451
 -11.332300  -557.498682        0.000000
 -11.300575   -60.995447        0.000000
 -11.268851   360.645666       18.990673
 -11.237126  -176.274377        0.000000
 -11.205401  -696.958887        0.000000
 -11.173676  -567.811243        0.000000
 -11.141951   -41.956628        0.000000
 -11.110226   376.763586       19.410399
 -11.078501  -495.364832        0.000000
 -11.046776  -947.715234        0.000000
 -11.015051  -158.855798        0.000000
 -10.983326   262.644324       16.206305
 -10.951601  -985.284814        0.000000
 -10.919877   490.893958       22.156127
 -10.888152  -232.657312        0.000000
 -10.856427   269.699622       16.422534
 -10.824702  -609.351038        0.000000
 -10.792977   488.356848       22.098797
 -10.761252     8.354651        2.890441
 -10.729527   748.276770       27.354648
 -10.697802  -866.162805        0.000000
 -10.666077  -139.747522        0.000000
 -10.634352  -135.854211        0.000000
 -10.602627   370.358069       19.244689
 -10.570903  -954.806055        0.000000
 -10.539178  -665.311609        0.000000
 -10.507453  -718.884973        0.000000
 -10.475728   149.549719       12.229052
 -10.444003  -763.065942        0.000000
 -10.412278  -397.233972        0.000000
 -10.380553   -65.164270        0.000000
 -10.348828   -57.486047        0.000000
 -10.317103 -1014.525293        0.000000
 -10.285378  -728.984460        0.000000
 -10.253653  -675.455469        0.000000
 -10.221929   917.608191       30.292048
 -10.190204  -789.740015        0.000000
 -10.158479  -204.635706        0.000000
 -10.126754  -370.433923        0.000000
 -10.095029   480.858191       21.928479
 -10.063304  -689.002832        0.000000
 -10.031579  -472.711267        0.000000
  -9.999854  -799.621545        0.000000
  -9.968129   474.486609       21.782714
  -9.936404  -656.113245        0.000000
  -9.904679   444.422522       21.081331
  -9.872954  -390.121790        0.000000
  -9.841230   493.570959       22.216457
  -9.809505  -963.152979        0.000000
  -9.777780   271.896399       16.489281
  -9.746055  -710.126062        0.000000
  -9.714330  -197.432214        0.000000
  -9.682605 -1046.970239        0.000000
  -9.650880    -3.676111        0.000000
  -9.619155  -456.005945        0.000000
  -9.587430   156.481726       12.509266
  -9.555705  -413.586145        0.000000
  -9.523980  -205.471033        0.000000
  -9.492256   218.906897       14.795503
  -9.460531    55.728064        7.465123
  -9.428806   -29.452844        0.000000
  -9.397081  -910.893518        0.000000
  -9.365356    92.064368        9.595018
  -9.333631   -26.568445        0.000000
  -9.301906  -564.855859        0.000000
  -9.270181  -542.447595        0.000000
  -9.238456  -516.868982        0.000000
  -9.206731    40.369910        6.353732
  -9.175006   -85.217126        0.000000
  -9.143282  -518.597742        0.000000
  -9.111557  -264.362390        0.000000
  -9.079832   202.324866       14.224095
  -9.048107  -800.902551        0.000000
  -9.016382  -119.634851        0.000000
  -8.984657   177.433264       13.320408
  -8.952932   762.143225       27.606942
  -8.921207 -1069.864160        0.000000
  -8.889482    54.411658        7.376426
  -8.857757   251.981360       15.873921
  -8.826032   639.890173       25.296051
  -8.794308   155.950598       12.488018
  -8.762583  -321.710535        0.000000
  -8.730858  -457.518518        0.000000
  -8.699133    16.066565        4.008312
  -8.667408  -242.456445        0.000000
  -8.635683   156.655188       12.516197
  -8.603958  -349.946619        0.000000
  -8.572233   711.430334       26.672651
  -8.540508  -912.951990        0.000000
  -8.508783   -52.334436        0.000000
  -8.477058  -618.879114        0.000000
  -8.445333     6.264319        2.502862
  -8.413609 -1306.955774        0.000000
  -8.381884  -656.226038        0.000000
  -8.350159  -370.065881        0.000000
  -8.318434   615.580725       24.810899
  -8.286709  -515.251184        0.000000
  -8.254984  -366.808557        0.000000
  -8.223259  -394.109460        0.000000
  -8.191534    10.122961        3.181660
  -8.159809  -814.541650        0.000000
  -8.128084  -317.662683        0.000000
  -8.096359  -223.570276        0.000000
  -8.064635   617.229163       24.844097
  -8.032910  -324.190149        0.000000
  -8.001185   -95.989587        0.000000
  -7.969460   -32.613855        0.000000
  -7.937735   689.716956       26.262463
  -7.906010  -554.483423        0.000000
  -7.874285   218.392249       14.778100
  -7.842560  -610.363794        0.000000
  -7.810835   -63.924402        0.000000
  -7.779110 -1118.581018        0.000000
  -7.747385  -448.867029        0.000000
  -7.715661   240.146399       15.496658
  -7.683936    91.252356        9.552610
  -7.652211  -746.140405        0.000000
  -7.620486  -186.049402        0.000000
  -7.588761   -93.986414        0.000000
  -7.557036   792.973791       28.159790
  -7.525311   -66.040857        0.000000
  -7.493586  -134.310754        0.000000
  -7.461861  -273.298547        0.000000
  -7.430136   803.722205       28.349995
  -7.398411  -195.960291        0.000000
  -7.366687  -391.645349        0.000000
  -7.334962  -360.572351        0.000000
  -7.303237   795.100012       28.197518
  -7.271512  -790.603723        0.000000
  -7.239787  -141.806970        0.000000
  -7.208062  -829.033899        0.000000
  -7.176337   471.999915       21.725559
  -7.144612  -308.899377        0.000000
  -7.112887  -622.248499        0.000000
  -7.081162  -543.910242        0.000000
  -7.049437   394.694128       19.866910
  -7.017712 -1334.356897        0.000000
  -6.985988   -82.534509        0.000000
  -6.954263  -328.233362        0.000000
  -6.922538   321.513953       17.930810
  -6.890813  -886.241663        0.000000
  -6.859088    29.409583        5.423060
  -6.827363  -669.707239        0.000000
  -6.795638  1106.345129       33.261767
  -6.763913  -641.335718        0.000000
  -6.732188  -395.950769        0.000000
  -6.700463  -257.277307        0.000000
  -6.668738   871.618933       29.523193
  -6.637014 -1099.575647        0.000000
  -6.605289  -538.272546        0.000000
  -6.573564  -598.441492        0.000000
  -6.541839   494.285071       22.232523
  -6.510114  -486.148340        0.000000
  -6.478389  -696.517053        0.000000
  -6.446664  -396.075647        0.000000
  -6.414939  -112.626794        0.000000
  -6.383214  -684.670801        0.000000
  -6.351489  -328.321741        0.000000
  -6.319764   214.044226       14.630250
  -6.288040   784.859167       28.015338
  -6.256315 -1160.894250        0.000000
  -6.224590     4.466345        2.113373
  -6.192865  -320.573084        0.000000
  -6.161140   293.547644       17.133232
  -6.129415  -622.855432        0.000000
  -6.097690   113.869177       10.670950
  -6.065965  -187.369714        0.000000
  -6.034240   609.956946       24.697306
  -6.002515  -581.846521        0.000000
  -5.970790  -787.399500        0.000000
  -5.939066  -771.897546        0.000000
  -5.907341   244.759314       15.644786
  -5.875616  -875.106714        0.000000
  -5.843891   139.866492       11.826516
  -5.812166  -151.855188        0.000000
  -5.780441   118.426794       10.882408
  -5.748716   -74.963709        0.000000
  -5.716991   -70.212976        0.000000
  -5.685266   270.380408       16.443248
  -5.653541     2.417761        1.554915
  -5.621816  -290.005823        0.000000
  -5.590091  -863.695886        0.000000
  -5.558367   102.388831       10.118737
  -5.526642  -128.026453        0.000000
  -5.494917  -493.306238        0.000000
  -5.463192  -283.372766        0.000000
  -5.431467  -885.517908        0.000000
  -5.399742   640.730872       25.312662
  -5.368017  -245.130334        0.000000
  -5.336292   -25.903894        0.000000
  -5.304567   324.904089       18.025096
  -5.272842   801.500281       28.310780
  -5.241117  -392.726160        0.000000
  -5.209393    21.255286        4.610346
  -5.177668  -518.261072        0.000000
  -5.145943   488.314856       22.097847
  -5.114218  -194.882166        0.000000
  -5.082493   -83.937219        0.000000
  -5.050768  -935.173914        0.000000
  -5.019043   256.212805       16.006649
  -4.987318  -707.588403        0.000000
  -4.955593  -498.494470        0.000000
  -4.923868  -106.641931        0.000000
  -4.892143   367.187537       19.162138
  -4.860419  -265.177820        0.000000
  -4.828694    92.378821        9.611390
  -4.796969  -173.705286        0.000000
  -4.765244  -160.649988        0.000000
  -4.733519  -402.549768        0.000000
  -4.701794  -223.426721        0.000000
  -4.670069  -960.052271        0.000000
  -4.638344   107.581580       10.372154
  -4.606619  -905.549463        0.000000
  -4.574894  -245.014734        0.000000
  -4.543169  -165.310266        0.000000
  -4.511445   238.596350       15.446564
  -4.479720  -795.609338        0.000000
  -4.447995  -691.206506        0.000000
  -4.416270  -329.998254        0.000000
  -4.384545   426.257239       20.645998
  -4.352820  -344.484094        0.000000
  -4.321095  -507.726404        0.000000
  -4.289370   -24.969690        0.000000
  -4.257645   836.840369       28.928193
  -4.225920  -540.902429        0.000000
  -4.194195  -126.447107        0.000000
  -4.162470  -544.710413        0.000000
  -4.130746   117.387976       10.834573
  -4.099021 -1460.853967        0.000000
  -4.067296  -486.161096        0.000000
  -4.035571  -223.490442        0.000000
  -4.003846   646.082678       25.418156
  -3.972121  -484.272546        0.000000
  -3.940396  -207.499963        0.000000
  -3.908671  -232.568689        0.000000
  -3.876946   388.962317       19.722128
  -3.845221  -270.857874        0.000000
  -3.813496  -466.232507        0.000000
  -3.781772   210.967810       14.524731
  -3.750047   -55.842004        0.000000
  -3.718322  -619.237695        0.000000
  -3.686597  -264.826013        0.000000
  -3.654872  -448.595300        0.000000
  -3.623147   466.443884       21.597312
  -3.591422  -517.266809        0.000000
  -3.559697  -812.636072        0.000000
  -3.527972  -853.415491        0.000000
  -3.496247   234.644080       15.318096
  -3.464522  -717.125391        0.000000
  -3.432798   250.043738       15.812771
  -3.401073  -139.042566        0.000000
  -3.369348    96.360754        9.816351
  -3.337623  -457.912866        0.000000
  -3.305898  -380.253870        0.000000
  -3.274173  -114.916711        0.000000
  -3.242448   846.878455       29.101176
  -3.210723  -726.222253        0.000000
  -3.178998  -572.478601        0.000000
  -3.147273  -499.328699        0.000000
  -3.115548   169.213293       13.008201
  -3.083824  -794.944666        0.000000
  -3.052099  -330.430750        0.000000
  -3.020374   -38.813196        0.000000
  -2.988649  1623.979529       40.298629
  -2.956924  -417.930750        0.000000
  -2.925199  -270.467859        0.000000
  -2.893474  -400.284998        0.000000
  -2.861749   281.124182       16.766758
  -2.830024  -775.778894        0.000000
  -2.798299  -814.547571        0.000000
  -2.766574  -665.145837        0.000000
  -2.734849   235.323279       15.340250
  -2.703125  -755.532556        0.000000
  -2.671400  -620.662561        0.000000
  -2.639675  -770.045251        0.000000
  -2.607950   654.795569       25.588974
  -2.576225  -791.383630        0.000000
  -2.544500  -643.763025        0.000000
  -2.512775  -110.119104        0.000000
  -2.481050  1052.499548       32.442249
  -2.449325  -889.071436        0.000000
  -2.417600  -379.656091        0.000000
  -2.385875  -482.030603        0.000000
  -2.354151   287.492712       16.955610
  -2.322426  -208.560510        0.000000
  -2.290701  -493.289392        0.000000
  -2.258976    33.319617        5.772315
  -2.227251  -216.140955        0.000000
  -2.195526  -816.737329        0.000000
  -2.163801  -522.546106        0.000000
  -2.132076    81.850989        9.047154
  -2.100351    -2.261682        0.000000
  -2.068626   483.324255       21.984637
  -2.036901  -177.215051        0.000000
  -2.005177  -329.605676        0.000000
  -1.973452   584.367834       24.173701
  -1.941727   -29.307825        0.000000
  -1.910002   146.676672       12.111015
  -1.878277  -256.196863        0.000000
  -1.846552   208.985510       14.456331
  -1.814827  -533.844995        0.000000
  -1.783102   -64.630945        0.000000
  -1.751377  -295.468347        0.000000
  -1.719652   422.855872       20.563460
  -1.687927 -1222.010461        0.000000
  -1.656202  -840.540735        0.000000
  -1.624478  -763.251428        0.000000
  -1.592753   221.048865       14.867712
  -1.561028  -624.855615        0.000000
  -1.529303  -384.281580        0.000000
  -1.497578  -451.088098        0.000000
  -1.465853   576.392126       24.008168
  -1.434128  -611.461511        0.000000
  -1.402403   -81.745935        0.000000
  -1.370678   143.289343       11.970353
  -1.338953   497.059241       22.294825
  -1.307228  -133.374597        0.000000
  -1.275504   -90.232996        0.000000
  -1.243779   648.658484       25.468775
  -1.212054   149.025427       12.207597
  -1.180329 -1157.312402        0.000000
  -1.148604  -370.578455        0.000000
  -1.116879  -514.704004        0.000000
  -1.085154   181.482947       13.471561
  -1.053429 -1363.347620        0.000000
  -1.021704  -157.780603        0.000000
  -0.989979   104.090491       10.202475
  -0.958254   458.307410       21.408116
  -0.926530  -601.898828        0.000000
  -0.894805  -487.207361        0.000000
  -0.863080  -193.990320        0.000000
  -0.831355   758.620764       27.543071
  -0.799630  -449.264001        0.000000
  -0.767905    70.695837        8.408082
  -0.736180  -152.652307        0.000000
  -0.704455   536.713049       23.167068
  -0.672730  -367.421106        0.000000
  -0.641005  -380.694177        0.000000
  -0.609280  -465.868372        0.000000
  -0.577556   636.381995       25.226613
  -0.545831  -384.810938        0.000000
  -0.514106  -385.217371        0.000000
  -0.482381  -361.156335        0.000000
  -0.450656   527.861609       22.975239
  -0.418931  -362.671655        0.000000
  -0.387206   135.148962       11.625359
  -0.355481  -306.757532        0.000000
  -0.323756   683.492712       26.143694
  -0.292031  -509.391931        0.000000
  -0.260306  -191.790369        0.000000
  -0.228581   948.431311       30.796612
  -0.196857  2410.092322       49.092691
  -0.165132  3433.478186       58.595889
  -0.133407  6938.640540       83.298503
  -0.101682 14154.071936      118.970887
  -0.069957 22503.120276      150.010401
  -0.038232 27473.079260      165.750051
  -0.006507 31410.961096      177.231377
   0.025218 28995.547034      170.280789
   0.056943 24997.289221      158.105311
   0.088668 16429.510413      128.177652
   0.120393  9518.507971       97.562841
   0.152117  4960.244543       70.429004
   0.183842  4214.319495       64.917790
   0.215567  1120.945715       33.480527
   0.247292  1169.441443       34.197097
   0.279017   629.844153       25.096696
   0.310742  1165.193640       34.134933
   0.342467   994.064856       31.528794
   0.374192  1248.246252       35.330529
   0.405917  1175.776892       34.289603
   0.437642  2115.558752       45.995204
   0.469367  1731.052893       41.605924
   0.501091  2049.257361       45.268724
   0.532816  2354.790076       48.526179
   0.564541  4224.395422       64.995349
   0.596266  2801.328772       52.927580
   0.627991  4806.881995       69.331681
   0.659716  6268.358313       79.172965
   0.691441  7364.519202       85.816777
   0.723166  7199.059241       84.847270
   0.754891  9272.821936       96.295493
   0.786616 14336.471350      119.735005
   0.818341 20833.055823      144.336606
   0.850065 23826.764807      154.359207
   0.881790 31265.255041      176.819838
   0.913515 37147.000159      192.735571
   0.945240 45143.500159      212.469998
   0.976965 51030.340979      225.898962
   1.008690 56581.958166      237.869624
   1.040415 58563.544104      241.999058
   1.072140 57080.993323      238.916289
   1.103865 51865.077307      227.739055
   1.135590 46239.657385      215.034084
   1.167315 39007.251135      197.502535
   1.199040 32098.121252      179.159486
   1.230764 24060.267737      155.113725
   1.262489 18449.100745      135.827467
   1.294214 13605.715491      116.643540
   1.325939 10675.095862      103.320356
   1.357664  9468.486487       97.306148
   1.389389  9230.659827       96.076323
   1.421114  7963.501135       89.238451
   1.452839  8085.999426       89.922185
   1.484564  9267.886877       96.269865
   1.516289 10219.387366      101.090986
   1.548014 12571.973791      112.124813
   1.579738 15260.479163      123.533312
   1.611463 14832.980627      121.790725
   1.643188 16885.119299      129.942754
   1.674913 16789.258948      129.573373
   1.706638 17220.992834      131.228781
   1.738363 16309.729651      127.709552
   1.770088 13166.352209      114.744726
   1.801813 10148.876135      100.741631
   1.833538  9780.182776       98.894807
   1.865263  7279.175696       85.318085
   1.896988  6036.090979       77.692284
   1.928712  5406.490149       73.528839
   1.960437  5406.456458       73.528610
   1.992162  4861.410315       69.723815
   2.023887  4825.412756       69.465191
   2.055612  4517.251624       67.210502
   2.087337  5675.509192       75.335975
   2.119062  5246.678137       72.433957
   2.150787  4995.192786       70.676678
   2.182512  4927.981848       70.199586
   2.214237  5709.127600       75.558769
   2.245962  4367.341956       66.085868
   2.277686  5485.569006       74.064627
   2.309411  5674.222815       75.327437
   2.341136  6693.366858       81.812999
   2.372861  5321.406897       72.947974
   2.404586  5557.530188       74.548844
   2.436311  6862.870764       82.842445
   2.468036  7571.807288       87.016132
   2.499761  7350.627844       85.735803
   2.531486  6973.804114       83.509306
   2.563211  7416.710608       86.120326
   2.594936  8312.732825       91.174189
   2.626661  7543.353186       86.852479
   2.658385  6848.696204       82.756850
   2.690110  7591.530676       87.129390
   2.721835  8189.476965       90.495729
   2.753560  6223.549963       78.889479
   2.785285  5741.597327       75.773329
   2.817010  6437.455237       80.233754
   2.848735  7346.129065       85.709562
   2.880460  6401.008215       80.006301
   2.912185  6448.500891       80.302558
   2.943910  6432.102698       80.200391
   2.975635  5968.708899       77.257420
   3.007359  5926.715002       76.985161
   3.039084  5862.627112       76.567794
   3.070809  5759.491614       75.891314
   3.102534  5442.702063       73.774671
   3.134259  3973.749915       63.037686
   3.165984  5008.624915       70.771639
   3.197709  4567.629065       67.584237
   3.229434  4343.456946       65.904908
   3.261159  3714.217932       60.944384
   3.292884  3995.142737       63.207142
   3.324609  4491.950598       67.022016
   3.356333  5050.937170       71.069946
   3.388058  5151.453040       71.773624
   3.419783  4650.005530       68.190949
   3.451508  4628.404211       68.032376
   3.483233  5202.302405       72.126988
   3.514958  4275.972083       65.390917
   3.546683  4928.704504       70.204733
   3.578408  5040.375403       70.995601
   3.610133  4579.420569       67.671416
   3.641858  3931.680579       62.703115
   3.673583  4397.337317       66.312422
   3.705307  3569.270666       59.743373
   3.737032  4784.687659       69.171437
   3.768757  3432.333166       58.586118
   3.800482  3430.455969       58.570094
   3.832207  3870.253088       62.211358
   3.863932  4465.224524       66.822336
   3.895657  3201.269690       56.579764
   3.927382  3061.108313       55.327284
   3.959107  2580.689978       50.800492
   3.990832  2881.069739       53.675597
   4.022557  2318.130286       48.146965
   4.054282  2302.845496       47.987972
   4.086006  2265.039343       47.592429
   4.117731  4298.822913       65.565409
   4.149456  2734.077551       52.288407
   4.181181  2330.882239       48.279211
   4.212906  2167.579626       46.557273
   4.244631  2624.312903       51.228048
   4.276356  2596.101721       50.951955
   4.308081  2270.634558       47.651176
   4.339806  2032.304602       45.081089
   4.371531  1687.373694       41.077654
   4.403256  1609.950720       40.124191
   4.434980  1256.952185       35.453521
   4.466705  1065.293616       32.638836
   4.498430  2208.242346       46.991939
   4.530155  1585.760291       39.821606
   4.561880  1446.961340       38.038945
   4.593605  1776.697424       42.150889
   4.625330  2448.478918       49.482107
   4.657055  1311.976355       36.221214
   4.688780  1805.537024       42.491611
   4.720505  2064.651282       45.438434
   4.752230  2353.663855       48.514574
   4.783954   660.819495       25.706410
   4.815679   868.248206       29.466052
   4.847404   970.601111       31.154472
   4.879129  1403.883948       37.468439
   4.910854   760.934729       27.585045
   4.942579  1093.502478       33.068149
   4.974304  1622.727332       40.283090
   5.006029  1724.363806       41.525460
   5.037754  1058.478796       32.534271
   5.069479   579.306067       24.068778
   5.101204  1199.972693       34.640622
   5.132928  2150.390051       46.372298
   5.164653   729.816321       27.015113
   5.196378  1179.002112       34.336600
   5.228103   879.442053       29.655388
   5.259828  1348.434973       36.721043
   5.291553   499.191565       22.342595
   5.323278   549.238928       23.435847
   5.355003   418.364539       20.453961
   5.386728  1719.141882       41.462536
   5.418453    27.204687        5.215811
   5.450178   844.449255       29.059409
   5.481903   889.754309       29.828750
   5.513627  1140.019202       33.764170
   5.545352   498.191809       22.320211
   5.577077   821.263464       28.657695
   5.608802   240.041296       15.493266
   5.640527  1713.564856       41.395227
   5.672252  -108.631677        0.000000
   5.703977   638.310461       25.264807
   5.735702   178.709509       13.368228
   5.767427  1145.206580       33.840901
   5.799152   427.058020       20.665382
   5.830877   441.012732       21.000303
   5.862601   493.769812       22.220932
   5.894326  1042.990271       32.295360
   5.926051   255.056433       15.970486
   5.957776  1245.055945       35.285350
   5.989501   228.496619       15.116105
   6.021226  1498.863196       38.715155
   6.052951   149.202917       12.214865
   6.084676   684.018103       26.153740
   6.116401   190.259070       13.793443
   6.148126  1444.943518       38.012413
   6.179851   230.025061       15.166577
   6.211575   509.557043       22.573370
   6.243300   777.182532       27.877994
   6.275025  1010.930701       31.795136
   6.306750  -144.945154        0.000000
   6.338475   433.402625       20.818324
   6.370200   936.802039       30.607222
   6.401925  1351.331091       36.760456
   6.433650  -200.164392        0.000000
   6.465375   494.105383       22.228481
   6.497100   211.083411       14.528710
   6.528825  1460.871497       38.221349
   6.560549   721.133704       26.853933
   6.592274     2.313757        1.521104
   6.623999   415.626257       20.386914
   6.655724   870.852454       29.510209
   6.687449   319.830481       17.883805
   6.719174  -103.461145        0.000000
   6.750899   458.349768       21.409105
   6.782624   802.971594       28.336753
   6.814349   -84.019495        0.000000
   6.846074   866.899084       29.443150
   6.877799   382.847449       19.566488
   6.909524   843.741858       29.047235
   6.941248   290.706091       17.050105
   6.972973  -177.574304        0.000000
   7.004698   342.564246       18.508491
   7.036423  1548.683508       39.353316
   7.068148  -235.818933        0.000000
   7.099873     3.741736        1.934357
   7.131598    18.169592        4.262580
   7.163323  1079.467566       32.855252
   7.195048   208.832800       14.451048
   7.226773     7.592688        2.755483
   7.258498    20.291418        4.504600
   7.290222   841.390295       29.006728
   7.321947  -643.873376        0.000000
   7.353672    80.538489        8.974324
   7.385397    63.649451        7.978061
   7.417122  1281.082068       35.792207
   7.448847  -107.821008        0.000000
   7.480572  1326.460608       36.420607
   7.512297   634.137732       25.182091
   7.544022  1805.494788       42.491114
   7.575747   735.236487       27.115245
   7.607472   909.539221       30.158568
   7.639196   607.877234       24.655166
   7.670921  1341.267249       36.623316
   7.702646  -427.742883        0.000000
   7.734371   287.071204       16.943176
   7.766096   453.607581       21.298065
   7.797821   794.233069       28.182141
   7.829546    77.817908        8.821446
   7.861271  -357.379114        0.000000
   7.892996   191.741858       13.847088
   7.924721   570.006873       23.874817
   7.956446  -299.294885        0.000000
   7.988170   455.293738       21.337613
   8.019895   572.317297       23.923154
   8.051620   786.122717       28.037880
   8.083345   222.196204       14.906247
   8.115070  -157.546350        0.000000
   8.146795   304.116858       17.438947
   8.178520  1226.118567       35.015976
   8.210245   420.351477       20.502475
   8.241970   403.805823       20.094920
   8.273695   498.748694       22.332682
   8.305420   762.167029       27.607373
   8.337145  -841.507715        0.000000
   8.368869   635.065222       25.200500
   8.400594  -332.607996        0.000000
   8.432319   563.827551       23.745053
   8.464044  -519.202722        0.000000
   8.495769   -47.217371        0.000000
   8.527494  -114.038171        0.000000
   8.559219   720.930090       26.850141
   8.590944  -401.654260        0.000000
   8.622669   631.182654       25.123349
   8.654394  -210.760828        0.000000
   8.686119   514.898718       22.691380
   8.717843  -373.945398        0.000000
   8.749568   232.633215       15.252318
   8.781293   751.226477       27.408511
   8.813018   411.372839       20.282328
   8.844743   107.151160       10.351384
   8.876468  -378.834436        0.000000
   8.908193   358.040686       18.921963
   8.939918  1364.324500       36.936764
   8.971643  -337.705042        0.000000
   9.003368   -58.689050        0.000000
   9.035093   550.504187       23.462826
   9.066817  1057.823889       32.524205
   9.098542   -53.853723        0.000000
   9.130267   148.150916       12.171726
   9.161992  -547.515100        0.000000
   9.193717   526.656165       22.948990
   9.225442   -64.616785        0.000000
   9.257167   -23.031458        0.000000
   9.288892  -279.930139        0.000000
   9.320617   360.998328       18.999956
   9.352342  -727.893884        0.000000
   9.384067  -175.427942        0.000000
   9.415791  -320.006677        0.000000
   9.447516   563.791785       23.744300
   9.479241  -268.126917        0.000000
   9.510966  -307.145105        0.000000
   9.542691   382.914221       19.568194
   9.574416   615.008582       24.799367
   9.606141  -255.429346        0.000000
   9.637866   431.013342       20.760861
   9.669591  -576.544153        0.000000
   9.701316  1088.224524       32.988248
   9.733041  -425.688318        0.000000
   9.764766   257.059607       16.033079
   9.796490   -15.703699        0.000000
   9.828215   420.434607       20.504502
   9.859940  -194.270837        0.000000
   9.891665    82.602209        9.088576
   9.923390   338.259558       18.391834
   9.955115   568.924841       23.852145
   9.986840    99.208044        9.960324
  10.018565   132.161047       11.496132
  10.050290   142.714392       11.946313
  10.082015   484.423010       22.009612
  10.113740  -543.703760        0.000000
  10.145464  -363.284143        0.000000
  10.177189  -359.365564        0.000000
  10.208914  1403.162756       37.458814
  10.240639  -245.872766        0.000000
  10.272364  -467.981042        0.000000
  10.304089  -511.163660        0.000000
  10.335814    60.712927        7.791850
  10.367539 -1020.732263        0.000000
  10.399264  -421.076746        0.000000
  10.430989   233.743567       15.288674
  10.462714   784.349646       28.006243
  10.494438  -185.378259        0.000000
  10.526163    12.704749        3.564372
  10.557888   260.611487       16.143466
  10.589613   843.625159       29.045226
  10.621338  -648.066858        0.000000
  10.653063    25.820227        5.081361
  10.684788   -91.944299        0.000000
  10.716513   944.047766       30.725360
  10.748238  -789.102441        0.000000
  10.779963  -449.883386        0.000000
  10.811688  -293.301721        0.000000
  10.843412   787.369055       28.060097
  10.875137   -43.497888        0.000000
  10.906862  -277.831262        0.000000
  10.938587  -299.024622        0.000000
  10.970312   236.512000       15.378947
  11.002037  -193.394312        0.000000
  11.033762   103.303381       10.163827
  11.065487  -128.507776        0.000000
  11.097212  1138.479407       33.741360
  11.128937  -226.632166        0.000000
  11.160662  -373.052576        0.000000
  11.192387  -456.846887        0.000000
  11.224111   122.088171       11.049352
  11.255836  -744.434778        0.000000
  11.287561  -465.854456        0.000000
  11.319286  -504.621606        0.000000
  11.351011   201.481848       14.194430
  11.382736  -551.339990        0.000000
  11.414461   234.094153       15.300136
  11.446186  -573.134729        0.000000
  11.477911   458.027991       21.401589
  11.509636  -109.535852        0.000000
  11.541361   -42.113123        0.000000
  11.573085  -303.956506        0.000000
  11.604810   796.179724       28.216657
  11.636535 -1064.931970        0.000000
  11.668260  -429.507166        0.000000
  11.699985 -1047.981470        0.000000
  11.731710   541.000159       23.259410
  11.763435  -661.258997        0.000000
  11.795160   -52.825525        0.000000
  11.826885   -97.216638        0.000000
  11.858610   321.895422       17.941444
  11.890335  -478.049280        0.000000
  11.922059  -136.138269        0.000000
  11.953784  -395.254846        0.000000
  11.985509   327.846350       18.106528
  12.017234  -421.094934        0.000000
  12.048959  -313.053674        0.000000
  12.080684  -455.661890        0.000000
  12.112409  -112.409753        0.000000
  12.144134  -400.498621        0.000000
  12.175859   -55.148401        0.000000
  12.207584  -171.515955        0.000000
  12.239309   999.663123       31.617450
  12.271033   180.882971       13.449274
  12.302758  -959.063074        0.000000
  12.334483  -560.963709        0.000000
  12.366208   501.961584       22.404499
  12.397933  -593.525415        0.000000
  12.429658  -114.687341        0.000000
  12.461383  -370.916101        0.000000
  12.493108   616.008337       24.819515
  12.524833  -440.046350        0.000000
  12.556558  -328.821008        0.000000
  12.588283  -274.659021        0.000000
  12.620008   520.221228       22.808359
  12.651732 -1197.773645        0.000000
  12.683457  -682.676355        0.000000
  12.715182  -180.044031        0.000000
  12.746907    50.223303        7.086840
  12.778632 -1090.170618        0.000000
  12.810357  -530.373621        0.000000
  12.842082    18.605383        4.313396
  12.873807   888.630774       29.809911
  12.905532 -1124.989709        0.000000
  12.937257  -642.281213        0.000000
  12.968982   -32.509485        0.000000
  13.000706   222.675330       14.922310
  13.032431  -475.775354        0.000000
  13.064156  -197.097620        0.000000
  13.095881 -1092.455591        0.000000
  13.127606   437.297522       20.911660
  13.159331  -193.313806        0.000000
  13.191056  -301.139368        0.000000
  13.222781  -536.700769        0.000000
  13.254506   333.555457       18.263501
  13.286231  -857.142480        0.000000
  13.317956  -717.325525        0.000000
  13.349680  -176.887292        0.000000
  13.381405   666.554968       25.817726
  13.413130  -762.148340        0.000000
  13.444855  -445.306604        0.000000
  13.476580   529.107458       23.002336
  13.508305   471.083411       21.704456
  13.540030  -708.302637        0.000000
  13.571755  -626.637415        0.000000
  13.603480  -634.544885        0.000000
  13.635205   304.275793       17.443503
  13.666930 -1299.057581        0.000000
  13.698654  -645.816431        0.000000
  13.730379   136.289099       11.674292
  13.762104   398.189612       19.954689
  13.793829  -601.613733        0.000000
  13.825554  -808.592493        0.000000
  13.857279   101.835608       10.091363
  13.889004   407.215369       20.179578
  13.920729  -845.761926        0.000000
  13.952454  -136.678796        0.000000
  13.984179  -449.372278        0.000000
  14.015904   655.074500       25.594423
  14.047629  -599.667444        0.000000
  14.079353  -305.200647        0.000000
  14.111078   -73.727258        0.000000
  14.142803    -1.696619        0.000000
  14.174528  -170.707300        0.000000
  14.206253  -821.489221        0.000000
  14.237978   -55.517175        0.000000
  14.269703   985.059241       31.385653
  14.301428  -584.582483        0.000000
  14.333153  -469.076013        0.000000
  14.364878  -632.812036        0.000000
  14.396603    75.378577        8.682084
  14.428327    76.695471        8.757595
  14.460052  -147.431482        0.000000
  14.491777  -506.355310        0.000000
  14.523502   776.488806       27.865549
  14.555227  -874.519250        0.000000
  14.586952  -540.960413        0.000000
  14.618677  -956.156824        0.000000
  14.650402   622.362952       24.947203
  14.682127  -424.362878        0.000000
  14.713852  -435.076624        0.000000
  14.745577   239.349158       15.470913
  14.777301   270.443762       16.445174
  14.809026  -916.639673        0.000000
  14.840751  -474.006433        0.000000
  14.872476    12.618201        3.552211
  14.904201   322.114905       17.947560
  14.935926  -448.471399        0.000000
  14.967651  -133.440393        0.000000
  14.999376  -694.259607        0.000000
  15.031101   276.598914       16.631263
  15.062826  -518.572717        0.000000
  15.094551   198.273718       14.080970
  15.126275   -10.383264        0.000000
  15.158000  -142.197717        0.000000
  15.189725  -543.839563        0.000000
  15.221450   288.894812       16.996906
  15.253175  -812.277124        0.000000
  15.284900   140.622229       11.858424
  15.316625  -804.757410        0.000000
  15.348350   441.020544       21.000489
  15.380075 -1169.534326        0.000000
  15.411800  -298.484460        0.000000
  15.443525  -764.028040        0.000000
  15.475250 -1416.572656        0.000000
  15.506974  -635.190759        0.000000
  15.538699   227.511389       15.083481
  15.570424   177.137976       13.309319
  15.602149  -412.543054        0.000000
  15.633874     8.001135        2.828628
  15.665599    97.187415        9.858368
  15.697324   -72.026819        0.000000
  15.729049  -894.892969        0.000000
  15.760774   -12.649622        0.000000
  15.792499   600.322913       24.501488
  15.824224  -781.988123        0.000000
  15.855948 -1018.001611        0.000000
  15.887673  -671.710413        0.000000
  15.919398   377.918738       19.440132
  15.951123  -740.748682        0.000000
  15.982848  -471.167322        0.000000
  16.014573  -286.544275        0.000000
  16.046298   663.593298       25.760305
  16.078023  -329.187830        0.000000
  16.109748   169.707434       13.027181
  16.141473  -597.621301        0.000000
  16.173198   223.165320       14.938719
  16.204922  -203.816614        0.000000
  16.236647   -63.048914        0.000000
  16.268372  -430.414392        0.000000
  16.300097   312.511389       17.677992
  16.331822 -1114.887537        0.000000
  16.363547  -652.181116        0.000000
  16.395272  -623.622888        0.000000
  16.426997   266.104407       16.312707
  16.458722  -222.725916        0.000000
  16.490447  -115.617883        0.000000
  16.522172   198.198645       14.078304
  16.553896   220.468298       14.848175
  16.585621  -860.232751        0.000000
  16.617346  -643.808313        0.000000
  16.649071  -196.456384        0.000000
  16.680796   112.588660       10.610780
  16.712521  -435.138879        0.000000
  16.744246  -680.084131        0.000000
  16.775971  -114.820398        0.000000
  16.807696    -7.636316        0.000000
  16.839421 -1186.889368        0.000000
  16.871146  -653.745081        0.000000
  16.902871  -555.746667        0.000000
  16.934595   455.503943       21.342538
  16.966320  -722.083215        0.000000
  16.998045   241.809607       15.550229
  17.029770  -379.352380        0.000000
  17.061495   972.982214       31.192663
  17.093220  -331.139490        0.000000
  17.124945   669.604895       25.876725
  17.156670   -17.262048        0.000000
  17.188395  1008.326575       31.754158
  17.220120  -655.135889        0.000000
  17.251845  -384.174524        0.000000
  17.283569  -549.711511        0.000000
  17.315294   282.083655       16.795346
  17.347019  -296.719690        0.000000
  17.378744   -84.711145        0.000000
  17.410469  -166.640222        0.000000
  17.442194   237.559851       15.412977
  17.473919 -1070.808923        0.000000
  17.505644  -696.390100        0.000000
  17.537369  -655.569788        0.000000
  17.569094   479.584265       21.899412
  17.600819  -926.012048        0.000000
  17.632543  -592.401331        0.000000
  17.664268  -669.414880        0.000000
  17.695993   437.554114       20.917794
  17.727718  -935.078821        0.000000
  17.759443  -316.753137        0.000000
  17.791168 -1096.073145        0.000000
  17.822893   608.707800       24.672004
  17.854618 -1182.166589        0.000000
  17.886343    40.631628        6.374294
  17.918068    56.462317        7.514141
  17.949793   474.791296       21.789706
  17.981517  -934.236108        0.000000
  18.013242  -401.241052        0.000000
  18.044967    -6.537927        0.000000
  18.076692   732.922278       27.072537
  18.108417   415.160559       20.375489
  18.140142  -259.747522        0.000000
  18.171867  -178.515588        0.000000
  18.203592   433.728064       20.826139
  18.235317  -313.276209        0.000000
  18.267042  -760.352869        0.000000
  18.298767  -728.733728        0.000000
  18.330492  -139.260217        0.000000
  18.362216  -514.459070        0.000000
  18.393941  -575.556360        0.000000
  18.425666  -199.232629        0.000000
  18.457391  -154.838831        0.000000
  18.489116  -753.630151        0.000000
  18.520841  -457.946130        0.000000
  18.552566   446.075598       21.120502
  18.584291   410.749548       20.266957
  18.616016  -555.734827        0.000000
  18.647741   -65.947595        0.000000
  18.679466  -891.332849        0.000000
  18.711190   551.268225       23.479102
  18.742915  -977.897302        0.000000
  18.774640  -163.805750        0.000000
  18.806365  -717.202112        0.000000
  18.838090   278.656165       16.692997
  18.869815  -600.090295        0.000000
  18.901540  -317.233728        0.000000
  18.933265   -60.588831        0.000000
  18.964990   513.148962       22.652791
  18.996715  -467.539148        0.000000
  19.028440   237.094275       15.397866
  19.060164   563.805090       23.744580
  19.091889   484.340002       22.007726
  19.123614  -752.395410        0.000000
  19.155339    34.927039        5.909910
  19.187064  -414.899255        0.000000
  19.218789   562.359412       23.714118
  19.250514  -505.851221        0.000000
  19.282239  -190.809045        0.000000
  19.313964  -304.932214        0.000000
  19.345689   460.018835       21.448050
  19.377414  -951.407800        0.000000
  19.409138  -629.545374        0.000000
  19.440863  -347.435510        0.000000
  19.472588   186.049841       13.640009
  19.504313  -794.816675        0.000000
  19.536038  -955.608545        0.000000
  19.567763  -284.107874        0.000000
  19.599488   485.934485       22.043922
  19.631213  -128.012415        0.000000
  19.662938   -77.165857        0.000000
  19.694663  -759.820032        0.000000
  19.726388   614.086340       24.780766
  19.758113  -883.900964        0.000000
  19.789837   464.485388       21.551923
  19.821562    -4.116174        0.000000
  19.853287   170.736975       13.066636
  19.885012  -682.729456        0.000000
  19.916737  -570.519983        0.000000
  19.948462  -411.511438        0.000000
  19.980187    13.516394        3.676465
  20.011912  -816.106226        0.000000
  20.043637  -473.865442        0.000000
  20.075362  -259.662317        0.000000
  20.107087  -120.010339        0.000000
  20.138811  -571.508752        0.000000
  20.170536  -501.292078        0.000000
  20.202261  -676.718591        0.000000
  20.233986  -330.616052        0.000000
  20.265711  -979.280054        0.000000
  20.297436 -1333.009729        0.000000
  20.329161  -316.443689        0.000000
  20.360886   373.004065       19.313313
  20.392611  -265.684412        0.000000
  20.424336  -536.275110        0.000000
  20.456061  -588.841150        0.000000
  20.487785   399.851477       19.996287
  20.519510  -882.773950        0.000000
  20.551235  -558.736658        0.000000
  20.582960   -19.335413        0.000000
  20.614685   104.556067       10.225266
  20.646410 -1150.797693        0.000000
  20.678135  -707.704919        0.000000
  20.709860   409.459631       20.235109
  20.741585   474.892981       21.792039
  20.773310  -757.431970        0.000000
  20.805035  -633.646448        0.000000
  20.836759  -363.373743        0.000000
  20.868484   -18.753381        0.000000
  20.900209 -1243.806360        0.000000
  20.931934  -939.947595        0.000000
  20.963659  -293.339807        0.000000
  20.995384   242.107092       15.559791
  21.027109  -286.854028        0.000000
  21.058834  -267.735315        0.000000
  21.090559  -518.565637        0.000000
  21.122284   -48.245569        0.000000
  21.154009 -1159.866052        0.000000
  21.185734  -653.973352        0.000000
  21.217458  -764.519128        0.000000
  21.249183   115.456824       10.745084
  21.280908  -777.757837        0.000000
  21.312633  -494.491296        0.000000
  21.344358  -527.429285        0.000000
  21.376083  1154.896643       33.983770
  21.407808  -480.472742        0.000000
  21.439533  -354.743738        0.000000
  21.471258 -1130.393152        0.000000
  21.502983    76.713904        8.758647
  21.534708  -527.150964        0.000000
  21.566432  -336.508386        0.000000
  21.598157  -631.482263        0.000000
  21.629882  -294.953577        0.000000
  21.661607 -1025.093958        0.000000
  21.693332  -348.182092        0.000000
  21.725057 -1144.306116        0.000000
  21.756782   294.257971       17.153949
  21.788507  -457.992517        0.000000
  21.820232  -707.674890        0.000000
  21.851957  -654.298303        0.000000
  21.883682   371.212683       19.266880
  21.915406  -787.357629        0.000000
  21.947131  -126.363000        0.000000
  21.978856  -136.055505        0.000000
  22.010581   348.229895       18.660919
  22.042306 -1271.432947        0.000000
  22.074031  -797.062341        0.000000
  22.105756   -71.870203        0.000000
  22.137481   614.764563       24.794446
  22.169206 -1278.992517        0.000000
  22.200931  -294.005823        0.000000
  22.232656  -484.963709        0.000000
  22.264380   140.997107       11.874220
  22.296105  -553.190149        0.000000
  22.327830  -539.707361        0.000000
  22.359555  -739.948206        0.000000
  22.391280   412.150916       20.301500
  22.423005  -481.562585        0.000000
  22.454730  -453.777551        0.000000
  22.486455  -227.531335        0.000000
  22.518180   521.225867       22.830372
  22.549905 -1016.780908        0.000000
  22.581630 -1061.622339        0.000000
  22.613355  -626.607507        0.000000
  22.645079    64.971106        8.060466
  22.676804 -1401.844324        0.000000
  22.708529  -496.148767        0.000000
  22.740254  -939.540613        0.000000
  22.771979  -205.447107        0.000000
  22.803704  -630.628748        0.000000
  22.835429  -574.741907        0.000000
  22.867154  -437.105066        0.000000
  22.898879   -41.959680        0.000000
  22.930604  -828.208215        0.000000
  22.962329  -394.303796        0.000000
  22.994053   662.533362       25.739723
  23.025778   472.041541       21.726517
  23.057503  -761.288965        0.000000
  23.089228  -331.479578        0.000000
  23.120953  -213.267053        0.000000
  23.152678   368.271277       19.190395
  23.184403  -693.789148        0.000000
  23.216128  -922.293665        0.000000
  23.247853  -665.344873        0.000000
  23.279578   104.015662       10.198807
  23.311303  -723.391565        0.000000
  23.343027 -1018.370203        0.000000
  23.374752  -554.037561        0.000000
  23.406477   464.790686       21.559005
  23.438202 -1097.411951        0.000000
  23.469927  -660.074060        0.000000
  23.501652  -465.185632        0.000000
  23.533377   413.806189       20.342227
  23.565102  -329.141443        0.000000
  23.596827  -772.814966        0.000000
  23.628552  -364.692590        0.000000
  23.660277   346.284949       18.608733
  23.692002  -315.698938        0.000000
  23.723726  -571.761011        0.000000
  23.755451  -253.591028        0.000000
  23.787176  -500.745203        0.000000
  23.818901  -309.875330        0.000000
  23.850626   121.671179       11.030466
  23.882351 -1043.774133        0.000000
  23.914076   369.071204       19.211226
  23.945801  -144.979822        0.000000
  23.977526  -583.079614        0.000000
  24.009251  -211.971033        0.000000
  24.040976   870.116614       29.497739
  24.072700    30.572852        5.529272
  24.104425  -715.419641        0.000000
  24.136150   -44.076257        0.000000
  24.167875   131.261267       11.456931
  24.199600 -1185.050012        0.000000
  24.231325  -892.003503        0.000000
  24.263050  -747.180811        0.000000
  24.294775  -405.147913        0.000000
  24.326500 -1288.777856        0.000000
  24.358225 -1332.456018        0.000000
  24.389950  -463.682581        0.000000
  24.421674   152.554480       12.351295
  24.453399  -335.477869        0.000000
  24.485124  -825.846277        0.000000
  24.516849  -484.378015        0.000000
  24.548574   846.772131       29.099349
  24.580299  -425.606653        0.000000
  24.612024  -466.654993        0.000000
  24.643749 -1099.086389        0.000000
  24.675474   402.905066       20.072495
  24.707199  -340.653284        0.000000
  24.738924  -609.795129        0.000000
  24.770648  -398.468469        0.000000
  24.802373  -237.242639        0.000000
  24.834098  -973.642786        0.000000
  24.865823  -438.315515        0.000000
  24.897548  -741.738733        0.000000
  24.929273   437.899329       20.926044
  24.960998  -932.585352        0.000000
  24.992723 -1001.504236        0.000000
  25.024448  -666.151880        0.000000
  25.056173   238.289343       15.436623
  25.087898  -439.663293        0.000000
  25.119623  -944.690515        0.000000
  25.151347 -1118.066309        0.000000
  25.183072  -114.834192        0.000000
  25.214797  -380.051477        0.000000
  25.246522 -1238.731104        0.000000
  25.278247  -426.264246        0.000000
  25.309972    40.877234        6.393531
  25.341697  -834.605371        0.000000
  25.373422  -728.132898        0.000000
  25.405147  -198.034753        0.000000
  25.436872   219.711218       14.822659
  25.468597   129.948157       11.399481
  25.500321  -130.997156        0.000000
  25.532046  -579.005579        0.000000
  25.563771  -244.914880        0.000000
  25.595496 -1167.526331        0.000000
  25.627221 -1001.436243        0.000000
  25.658946  -672.881555        0.000000
  25.690671  -255.224329        0.000000
  25.722396  -790.048914        0.000000
  25.754121  -366.349329        0.000000
  25.785846  -642.135095        0.000000
  25.817571   740.460730       27.211408
  25.849295  -583.991235        0.000000
  25.881020  -388.064539        0.000000
  25.912745  -241.363733        0.000000
  25.944470    -9.091516        0.000000
  25.976195  -637.192224        0.000000
  26.007920  -436.492761        0.000000
  26.039645  -629.259119        0.000000
  26.071370  -257.539392        0.000000
  26.103095  -743.150293        0.000000
  26.134820   -76.034021        0.000000
  26.166545   -87.818811        0.000000
  26.198269   227.522742       15.083857
  26.229994   215.334143       14.674268
  26.261719  -514.305994        0.000000
  26.293444  -490.826746        0.000000
  26.325169   110.413367       10.507776
  26.356894  -500.340540        0.000000
  26.388619   -52.371667        0.000000
  26.420344  -683.915735        0.000000
  26.452069   424.439978       20.601941
  26.483794  -961.395898        0.000000
  26.515519  -544.369470        0.000000
  26.547244  -304.241541        0.000000
  26.578968  -124.549890        0.000000
  26.610693  -436.312646        0.000000
  26.642418  -822.015833        0.000000
  26.674143  -158.271326        0.000000
  26.705868   918.318884       30.303777
  26.737593  -640.839563        0.000000
  26.769318  -507.375696        0.000000
  26.801043  -292.060144        0.000000
  26.832768   169.147131       13.005658
  26.864493  -789.905542        0.000000
  26.896218  -608.208215        0.000000
  26.927942  -328.751794        0.000000
  26.959667   317.820715       17.827527
  26.991392  -439.709680        0.000000
  27.023117   -65.401941        0.000000
  27.054842    22.043372        4.695037
  27.086567   201.174597       14.183603