 Eloss (eV)
 -12.367575
 -12.338645
 -12.309715
 -12.280785
 -12.251855
 -12.222925
 -12.193995
 -12.165065
 -12.136135
 -12.107205
 -12.078275
 -12.049345
 -12.020415
 -11.991485
 -11.962555
 -11.933625
 -11.904695
 -11.875765
 -11.846835
 -11.817905
 -11.788975
 -11.760045
 -11.731115
 -11.702185
 -11.673255
 -11.644325
 -11.615395
 -11.586465
 -11.557535
 -11.528605
 -11.499675
 -11.470745
 -11.441815
 -11.412885
 -11.383955
 -11.355025
 -11.326095
 -11.297165
 -11.268235
 -11.239305
 -11.210375
 -11.181445
 -11.152515
 -11.123585
 -11.094655
 -11.065725
 -11.036795
 -11.007865
 -10.978935
 -10.950005
 -10.921075
 -10.892145
 -10.863215
 -10.834285
 -10.805355
 -10.776425
 -10.747495
 -10.718565
 -10.689635
 -10.660705
 -10.631775
 -10.602845
 -10.573915
 -10.544985
 -10.516055
 -10.487125
 -10.458195
 -10.429265
 -10.400335
 -10.371405
 -10.342475
 -10.313545
 -10.284615
 -10.255685
 -10.226755
 -10.197825
 -10.168895
 -10.139965
 -10.111035
 -10.082105
 -10.053175
 -10.024245
  -9.995315
  -9.966385
  -9.937455
  -9.908525
  -9.879595
  -9.850665
  -9.821735
  -9.792805
  -9.763875
  -9.734945
  -9.706015
  -9.677085
  -9.648155
  -9.619225
  -9.590295
  -9.561365
  -9.532435
  -9.503505
  -9.474575
  -9.445645
  -9.416715
  -9.387785
  -9.358855
  -9.329925
  -9.300995
  -9.272065
  -9.243135
  -9.214205
  -9.185275
  -9.156345
  -9.127415
  -9.098485
  -9.069555
  -9.040625
  -9.011695
  -8.982765
  -8.953835
  -8.924905
  -8.895975
  -8.867045
  -8.838115
  -8.809185
  -8.780255
  -8.751325
  -8.722395
  -8.693465
  -8.664535
  -8.635605
  -8.606675
  -8.577745
  -8.548815
  -8.519885
  -8.490955
  -8.462025
  -8.433095
  -8.404165
  -8.375235
  -8.346305
  -8.317375
  -8.288445
  -8.259515
  -8.230585
  -8.201655
  -8.172725
  -8.143795
  -8.114865
  -8.085935
  -8.057005
  -8.028075
  -7.999145
  -7.970215
  -7.941285
  -7.912355
  -7.883425
  -7.854495
  -7.825565
  -7.796635
  -7.767705
  -7.738775
  -7.709845
  -7.680915
  -7.651985
  -7.623055
  -7.594125
  -7.565195
  -7.536265
  -7.507335
  -7.478405
  -7.449475
  -7.420545
  -7.391615
  -7.362685
  -7.333755
  -7.304825
  -7.275895
  -7.246965
  -7.218035
  -7.189105
  -7.160175
  -7.131245
  -7.102315
  -7.073385
  -7.044455
  -7.015525
  -6.986595
  -6.957665
  -6.928735
  -6.899805
  -6.870875
  -6.841945
  -6.813015
  -6.784085
  -6.755155
  -6.726225
  -6.697295
  -6.668365
  -6.639435
  -6.610505
  -6.581575
  -6.552645
  -6.523715
  -6.494785
  -6.465855
  -6.436925
  -6.407995
  -6.379065
  -6.350135
  -6.321205
  -6.292275
  -6.263345
  -6.234415
  -6.205485
  -6.176555
  -6.147625
  -6.118695
  -6.089765
  -6.060835
  -6.031905
  -6.002975
  -5.974045
  -5.945115
  -5.916185
  -5.887255
  -5.858325
  -5.829395
  -5.800465
  -5.771535
  -5.742605
  -5.713675
  -5.684745
  -5.655815
  -5.626885
  -5.597955
  -5.569025
  -5.540095
  -5.511165
  -5.482235
  -5.453305
  -5.424375
  -5.395445
  -5.366515
  -5.337585
  -5.308655
  -5.279725
  -5.250795
  -5.221865
  -5.192935
  -5.164005
  -5.135075
  -5.106145
  -5.077215
  -5.048285
  -5.019355
  -4.990425
  -4.961495
  -4.932565
  -4.903635
  -4.874705
  -4.845775
  -4.816845
  -4.787915
  -4.758985
  -4.730055
  -4.701125
  -4.672195
  -4.643265
  -4.614335
  -4.585405
  -4.556475
  -4.527545
  -4.498615
  -4.469685
  -4.440755
  -4.411825
  -4.382895
  -4.353965
  -4.325035
  -4.296105
  -4.267175
  -4.238245
  -4.209315
  -4.180385
  -4.151455
  -4.122525
  -4.093595
  -4.064665
  -4.035735
  -4.006805
  -3.977875
  -3.948945
  -3.920015
  -3.891085
  -3.862155
  -3.833225
  -3.804295
  -3.775365
  -3.746435
  -3.717505
  -3.688575
  -3.659645
  -3.630715
  -3.601785
  -3.572855
  -3.543925
  -3.514995
  -3.486065
  -3.457135
  -3.428205
  -3.399275
  -3.370345
  -3.341415
  -3.312485
  -3.283555
  -3.254625
  -3.225695
  -3.196765
  -3.167835
  -3.138905
  -3.109975
  -3.081045
  -3.052115
  -3.023185
  -2.994255
  -2.965325
  -2.936395
  -2.907465
  -2.878535
  -2.849605
  -2.820675
  -2.791745
  -2.762815
  -2.733885
  -2.704955
  -2.676025
  -2.647095
  -2.618165
  -2.589235
  -2.560305
  -2.531375
  -2.502445
  -2.473515
  -2.444585
  -2.415655
  -2.386725
  -2.357795
  -2.328865
  -2.299935
  -2.271005
  -2.242075
  -2.213145
  -2.184215
  -2.155285
  -2.126355
  -2.097425
  -2.068495
  -2.039565
  -2.010635
  -1.981705
  -1.952775
  -1.923845
  -1.894915
  -1.865985
  -1.837055
  -1.808125
  -1.779195
  -1.750265
  -1.721335
  -1.692405
  -1.663475
  -1.634545
  -1.605615
  -1.576685
  -1.547755
  -1.518825
  -1.489895
  -1.460965
  -1.432035
  -1.403105
  -1.374175
  -1.345245
  -1.316315
  -1.287385
  -1.258455
  -1.229525
  -1.200595
  -1.171665
  -1.142735
  -1.113805
  -1.084875
  -1.055945
  -1.027015
  -0.998085
  -0.969155
  -0.940225
  -0.911295
  -0.882365
  -0.853435
  -0.824505
  -0.795575
  -0.766645
  -0.737715
  -0.708785
  -0.679855
  -0.650925
  -0.621995
  -0.593065
  -0.564135
  -0.535205
  -0.506275
  -0.477345
  -0.448415
  -0.419485
  -0.390555
  -0.361625
  -0.332695
  -0.303765
  -0.274835
  -0.245905
  -0.216975
  -0.188045
  -0.159115
  -0.130185
  -0.101255
  -0.072325
  -0.043395
  -0.014465
   0.014465
   0.043395
   0.072325
   0.101255
   0.130185
   0.159115
   0.188045
   0.216975
   0.245905
   0.274835
   0.303765
   0.332695
   0.361625
   0.390555
   0.419485
   0.448415
   0.477345
   0.506275
   0.535205
   0.564135
   0.593065
   0.621995
   0.650925
   0.679855
   0.708785
   0.737715
   0.766645
   0.795575
   0.824505
   0.853435
   0.882365
   0.911295
   0.940225
   0.969155
   0.998085
   1.027015
   1.055945
   1.084875
   1.113805
   1.142735
   1.171665
   1.200595
   1.229525
   1.258455
   1.287385
   1.316315
   1.345245
   1.374175
   1.403105
   1.432035
   1.460965
   1.489895
   1.518825
   1.547755
   1.576685
   1.605615
   1.634545
   1.663475
   1.692405
   1.721335
   1.750265
   1.779195
   1.808125
   1.837055
   1.865985
   1.894915
   1.923845
   1.952775
   1.981705
   2.010635
   2.039565
   2.068495
   2.097425
   2.126355
   2.155285
   2.184215
   2.213145
   2.242075
   2.271005
   2.299935
   2.328865
   2.357795
   2.386725
   2.415655
   2.444585
   2.473515
   2.502445
   2.531375
   2.560305
   2.589235
   2.618165
   2.647095
   2.676025
   2.704955
   2.733885
   2.762815
   2.791745
   2.820675
   2.849605
   2.878535
   2.907465
   2.936395
   2.965325
   2.994255
   3.023185
   3.052115
   3.081045
   3.109975
   3.138905
   3.167835
   3.196765
   3.225695
   3.254625
   3.283555
   3.312485
   3.341415
   3.370345
   3.399275
   3.428205
   3.457135
   3.486065
   3.514995
   3.543925
   3.572855
   3.601785
   3.630715
   3.659645
   3.688575
   3.717505
   3.746435
   3.775365
   3.804295
   3.833225
   3.862155
   3.891085
   3.920015
   3.948945
   3.977875
   4.006805
   4.035735
   4.064665
   4.093595
   4.122525
   4.151455
   4.180385
   4.209315
   4.238245
   4.267175
   4.296105
   4.325035
   4.353965
   4.382895
   4.411825
   4.440755
   4.469685
   4.498615
   4.527545
   4.556475
   4.585405
   4.614335
   4.643265
   4.672195
   4.701125
   4.730055
   4.758985
   4.787915
   4.816845
   4.845775
   4.874705
   4.903635
   4.932565
   4.961495
   4.990425
   5.019355
   5.048285
   5.077215
   5.106145
   5.135075
   5.164005
   5.192935
   5.221865
   5.250795
   5.279725
   5.308655
   5.337585
   5.366515
   5.395445
   5.424375
   5.453305
   5.482235
   5.511165
   5.540095
   5.569025
   5.597955
   5.626885
   5.655815
   5.684745
   5.713675
   5.742605
   5.771535
   5.800465
   5.829395
   5.858325
   5.887255
   5.916185
   5.945115
   5.974045
   6.002975
   6.031905
   6.060835
   6.089765
   6.118695
   6.147625
   6.176555
   6.205485
   6.234415
   6.263345
   6.292275
   6.321205
   6.350135
   6.379065
   6.407995
   6.436925
   6.465855
   6.494785
   6.523715
   6.552645
   6.581575
   6.610505
   6.639435
   6.668365
   6.697295
   6.726225
   6.755155
   6.784085
   6.813015
   6.841945
   6.870875
   6.899805
   6.928735
   6.957665
   6.986595
   7.015525
   7.044455
   7.073385
   7.102315
   7.131245
   7.160175
   7.189105
   7.218035
   7.246965
   7.275895
   7.304825
   7.333755
   7.362685
   7.391615
   7.420545
   7.449475
   7.478405
   7.507335
   7.536265
   7.565195
   7.594125
   7.623055
   7.651985
   7.680915
   7.709845
   7.738775
   7.767705
   7.796635
   7.825565
   7.854495
   7.883425
   7.912355
   7.941285
   7.970215
   7.999145
   8.028075
   8.057005
   8.085935
   8.114865
   8.143795
   8.172725
   8.201655
   8.230585
   8.259515
   8.288445
   8.317375
   8.346305
   8.375235
   8.404165
   8.433095
   8.462025
   8.490955
   8.519885
   8.548815
   8.577745
   8.606675
   8.635605
   8.664535
   8.693465
   8.722395
   8.751325
   8.780255
   8.809185
   8.838115
   8.867045
   8.895975
   8.924905
   8.953835
   8.982765
   9.011695
   9.040625
   9.069555
   9.098485
   9.127415
   9.156345
   9.185275
   9.214205
   9.243135
   9.272065
   9.300995
   9.329925
   9.358855
   9.387785
   9.416715
   9.445645
   9.474575
   9.503505
   9.532435
   9.561365
   9.590295
   9.619225
   9.648155
   9.677085
   9.706015
   9.734945
   9.763875
   9.792805
   9.821735
   9.850665
   9.879595
   9.908525
   9.937455
   9.966385
   9.995315
  10.024245
  10.053175
  10.082105
  10.111035
  10.139965
  10.168895
  10.197825
  10.226755
  10.255685
  10.284615
  10.313545
  10.342475
  10.371405
  10.400335
  10.429265
  10.458195
  10.487125
  10.516055
  10.544985
  10.573915
  10.602845
  10.631775
  10.660705
  10.689635
  10.718565
  10.747495
  10.776425
  10.805355
  10.834285
  10.863215
  10.892145
  10.921075
  10.950005
  10.978935
  11.007865
  11.036795
  11.065725
  11.094655
  11.123585
  11.152515
  11.181445
  11.210375
  11.239305
  11.268235
  11.297165
  11.326095
  11.355025
  11.383955
  11.412885
  11.441815
  11.470745
  11.499675
  11.528605
  11.557535
  11.586465
  11.615395
  11.644325
  11.673255
  11.702185
  11.731115
  11.760045
  11.788975
  11.817905
  11.846835
  11.875765
  11.904695
  11.933625
  11.962555
  11.991485
  12.020415
  12.049345
  12.078275
  12.107205
  12.136135
  12.165065
  12.193995
  12.222925
  12.251855
  12.280785
  12.309715
  12.338645
  12.367575
  12.396505
  12.425435
  12.454365
  12.483295
  12.512225
  12.541155
  12.570085
  12.599015
  12.627945
  12.656875
  12.685805
  12.714735
  12.743665
  12.772595
  12.801525
  12.830455
  12.859385
  12.888315
  12.917245
  12.946175
  12.975105
  13.004035
  13.032965
  13.061895
  13.090825
  13.119755
  13.148685
  13.177615
  13.206545
  13.235475
  13.264405
  13.293335
  13.322265
  13.351195
  13.380125
  13.409055
  13.437985
  13.466915
  13.495845
  13.524775
  13.553705
  13.582635
  13.611565
  13.640495
  13.669425
  13.698355
  13.727285
  13.756215
  13.785145
  13.814075
  13.843005
  13.871935
  13.900865
  13.929795
  13.958725
  13.987655
  14.016585
  14.045515
  14.074445
  14.103375
  14.132305
  14.161235
  14.190165
  14.219095
  14.248025
  14.276955
  14.305885
  14.334815
  14.363745
  14.392675
  14.421605
  14.450535
  14.479465
  14.508395
  14.537325
  14.566255
  14.595185
  14.624115
  14.653045
  14.681975
  14.710905
  14.739835
  14.768765
  14.797695
  14.826625
  14.855555
  14.884485
  14.913415
  14.942345
  14.971275
  15.000205
  15.029135
  15.058065
  15.086995
  15.115925
  15.144855
  15.173785
  15.202715
  15.231645
  15.260575
  15.289505
  15.318435
  15.347365
  15.376295
  15.405225
  15.434155
  15.463085
  15.492015
  15.520945
  15.549875
  15.578805
  15.607735
  15.636665
  15.665595
  15.694525
  15.723455
  15.752385
  15.781315
  15.810245
  15.839175
  15.868105
  15.897035
  15.925965
  15.954895
  15.983825
  16.012755
  16.041685
  16.070615
  16.099545
  16.128475
  16.157405
  16.186335
  16.215265
  16.244195
  16.273125
  16.302055
  16.330985
  16.359915
  16.388845
  16.417775
  16.446705
  16.475635
  16.504565
  16.533495
  16.562425
  16.591355
  16.620285
  16.649215
  16.678145
  16.707075
  16.736005
  16.764935
  16.793865
  16.822795
  16.851725
  16.880655
  16.909585
  16.938515
  16.967445
  16.996375
  17.025305
  17.054235
  17.083165
  17.112095
  17.141025
  17.169955
  17.198885
  17.227815
  17.256745
  17.285675
  17.314605
  17.343535
  17.372465
  17.401395
  17.430325
  17.459255
  17.488185
  17.517115
  17.546045
  17.574975
  17.603905
  17.632835
  17.661765
  17.690695
  17.719625
  17.748555
  17.777485
  17.806415
  17.835345
  17.864275
  17.893205
  17.922135
  17.951065
  17.979995
  18.008925
  18.037855
  18.066785
  18.095715
  18.124645
  18.153575
  18.182505
  18.211435
  18.240365
  18.269295
  18.298225
  18.327155
  18.356085
  18.385015
  18.413945
  18.442875
  18.471805
  18.500735
  18.529665
  18.558595
  18.587525
  18.616455
  18.645385
  18.674315
  18.703245
  18.732175
  18.761105
  18.790035
  18.818965
  18.847895
  18.876825
  18.905755
  18.934685
  18.963615
  18.992545
  19.021475
  19.050405
  19.079335
  19.108265
  19.137195
  19.166125
  19.195055
  19.223985
  19.252915
  19.281845
  19.310775
  19.339705
  19.368635
  19.397565
  19.426495
  19.455425
  19.484355
  19.513285
  19.542215
  19.571145
  19.600075
  19.629005
  19.657935
  19.686865
  19.715795
  19.744725
  19.773655