 Tpp (eV)     J3/J1
 1.100000 -4.909155
 1.097551 -4.867035
 1.095103 -4.825358
 1.092654 -4.784116
 1.090206 -4.743304
 1.087757 -4.702914
 1.085309 -4.662941
 1.082860 -4.623379
 1.080411 -4.584221
 1.077963 -4.545462
 1.075514 -4.507096
 1.073066 -4.469117
 1.070617 -4.431520
 1.068169 -4.394299
 1.065720 -4.357449
 1.063271 -4.320965
 1.060823 -4.284841
 1.058374 -4.249073
 1.055926 -4.213655
 1.053477 -4.178583
 1.051029 -4.143852
 1.048580 -4.109457
 1.046131 -4.075394
 1.043683 -4.041658
 1.041234 -4.008244
 1.038786 -3.975149
 1.036337 -3.942369
 1.033889 -3.909898
 1.031440 -3.877733
 1.028991 -3.845870
 1.026543 -3.814304
 1.024094 -3.783033
 1.021646 -3.752052
 1.019197 -3.721357
 1.016749 -3.690944
 1.014300 -3.660811
 1.011851 -3.630953
 1.009403 -3.601367
 1.006954 -3.572050
 1.004506 -3.542997
 1.002057 -3.514207
 0.999609 -3.485675
 0.997160 -3.457398
 0.994711 -3.429373
 0.992263 -3.401597
 0.989814 -3.374068
 0.987366 -3.346781
 0.984917 -3.319734
 0.982469 -3.292924
 0.980020 -3.266348
 0.980000 -3.266207
 0.979800 -3.264798
 0.971029 -3.181026
 0.962257 -3.099273
 0.953486 -3.019478
 0.944714 -2.941583
 0.935943 -2.865532
 0.927171 -2.791271
 0.918400 -2.718749
 0.909629 -2.647916
 0.900857 -2.578724
 0.892086 -2.511129
 0.883314 -2.445086
 0.874543 -2.380554
 0.865771 -2.317492
 0.857000 -2.255860
 0.848229 -2.195623
 0.839457 -2.136743
 0.830686 -2.079186
 0.821914 -2.022918
 0.813143 -1.967908
 0.804371 -1.914125
 0.795600 -1.861538
 0.786829 -1.810120
 0.778057 -1.759841
 0.769286 -1.710676
 0.760514 -1.662599
 0.751743 -1.615584
 0.742971 -1.569608
 0.734200 -1.524648
 0.725429 -1.480681
 0.716657 -1.437685
 0.707886 -1.395640
 0.699114 -1.354525
 0.690343 -1.314322
 0.681571 -1.275010
 0.672800 -1.236572
 0.664029 -1.198991
 0.655257 -1.162249
 0.646486 -1.126330
 0.637714 -1.091217
 0.628943 -1.056896
 0.620171 -1.023352
 0.611400 -0.990569
 0.602629 -0.958535
 0.593857 -0.927236
 0.585086 -0.896658
 0.576314 -0.866789
 0.567543 -0.837617
 0.558771 -0.809130
 0.550000 -0.781316