 dEiRes (eV)
   -3.450902
   -3.429860
   -3.408818
   -3.387776
   -3.366733
   -3.345691
   -3.324649
   -3.303607
   -3.282565
   -3.261523
   -3.240481
   -3.219439
   -3.198397
   -3.177355
   -3.156313
   -3.135271
   -3.114228
   -3.093186
   -3.072144
   -3.051102
   -3.030060
   -3.009018
   -2.987976
   -2.966934
   -2.945892
   -2.924850
   -2.903808
   -2.882766
   -2.861723
   -2.840681
   -2.819639
   -2.798597
   -2.777555
   -2.756513
   -2.735471
   -2.714429
   -2.693387
   -2.672345
   -2.651303
   -2.630261
   -2.609218
   -2.588176
   -2.567134
   -2.546092
   -2.525050
   -2.504008
   -2.482966
   -2.461924
   -2.440882
   -2.419840
   -2.398798
   -2.377756
   -2.356713
   -2.335671
   -2.314629
   -2.293587
   -2.272545
   -2.251503
   -2.230461
   -2.209419
   -2.188377
   -2.167335
   -2.146293
   -2.125251
   -2.104208
   -2.083166
   -2.062124
   -2.041082
   -2.020040
   -1.998998
   -1.977956
   -1.956914
   -1.935872
   -1.914830
   -1.893788
   -1.872745
   -1.851703
   -1.830661
   -1.809619
   -1.788577
   -1.767535
   -1.746493
   -1.725451
   -1.704409
   -1.683367
   -1.662325
   -1.641283
   -1.620240
   -1.599198
   -1.578156
   -1.557114
   -1.536072
   -1.515030
   -1.493988
   -1.472946
   -1.451904
   -1.430862
   -1.409820
   -1.388778
   -1.367735
   -1.346693
   -1.325651
   -1.304609
   -1.283567
   -1.262525
   -1.241483
   -1.220441
   -1.199399
   -1.178357
   -1.157315
   -1.136273
   -1.115230
   -1.094188
   -1.073146
   -1.052104
   -1.031062
   -1.010020
   -0.988978
   -0.967936
   -0.946894
   -0.925852
   -0.904810
   -0.883768
   -0.862725
   -0.841683
   -0.820641
   -0.799599
   -0.778557
   -0.757515
   -0.736473
   -0.715431
   -0.694389
   -0.673347
   -0.652305
   -0.631263
   -0.610220
   -0.589178
   -0.568136
   -0.547094
   -0.526052
   -0.505010
   -0.483968
   -0.462926
   -0.441884
   -0.420842
   -0.399800
   -0.378758
   -0.357715
   -0.336673
   -0.315631
   -0.294589
   -0.273547
   -0.252505
   -0.231463
   -0.210421
   -0.189379
   -0.168337
   -0.147295
   -0.126253
   -0.105210
   -0.084168
   -0.063126
   -0.042084
   -0.021042
    0.000000
    0.021042
    0.042084
    0.063126
    0.084168
    0.105210
    0.126253
    0.147295
    0.168337
    0.189379
    0.210421
    0.231463
    0.252505
    0.273547
    0.294589
    0.315631
    0.336673
    0.357715
    0.378758
    0.399800
    0.420842
    0.441884
    0.462926
    0.483968
    0.505010
    0.526052
    0.547094
    0.568136
    0.589178
    0.610220
    0.631263
    0.652305
    0.673347
    0.694389
    0.715431
    0.736473
    0.757515
    0.778557
    0.799599
    0.820641
    0.841683
    0.862725
    0.883768
    0.904810
    0.925852
    0.946894
    0.967936
    0.988978
    1.010020
    1.031062
    1.052104
    1.073146
    1.094188
    1.115230
    1.136273
    1.157315
    1.178357
    1.199399
    1.220441
    1.241483
    1.262525
    1.283567
    1.304609
    1.325651
    1.346693
    1.367735
    1.388778
    1.409820
    1.430862
    1.451904
    1.472946
    1.493988
    1.515030
    1.536072
    1.557114
    1.578156
    1.599198
    1.620240
    1.641283
    1.662325
    1.683367
    1.704409
    1.725451
    1.746493
    1.767535
    1.788577
    1.809619
    1.830661
    1.851703
    1.872745
    1.893788
    1.914830
    1.935872
    1.956914
    1.977956
    1.998998
    2.020040
    2.041082
    2.062124
    2.083166
    2.104208
    2.125251
    2.146293
    2.167335
    2.188377
    2.209419
    2.230461
    2.251503
    2.272545
    2.293587
    2.314629
    2.335671
    2.356713
    2.377756
    2.398798
    2.419840
    2.440882
    2.461924
    2.482966
    2.504008
    2.525050
    2.546092
    2.567134
    2.588176
    2.609218
    2.630261
    2.651303
    2.672345
    2.693387
    2.714429
    2.735471
    2.756513
    2.777555
    2.798597
    2.819639
    2.840681
    2.861723
    2.882766
    2.903808
    2.924850
    2.945892
    2.966934
    2.987976
    3.009018
    3.030060
    3.051102
    3.072144
    3.093186
    3.114228
    3.135271
    3.156313
    3.177355
    3.198397
    3.219439
    3.240481
    3.261523
    3.282565
    3.303607
    3.324649
    3.345691
    3.366733
    3.387776
    3.408818
    3.429860
    3.450902
    3.471944
    3.492986
    3.514028
    3.535070
    3.556112
    3.577154
    3.598196
    3.619238
    3.640281
    3.661323
    3.682365
    3.703407
    3.724449
    3.745491
    3.766533
    3.787575
    3.808617
    3.829659
    3.850701
    3.871743
    3.892786
    3.913828
    3.934870
    3.955912
    3.976954
    3.997996
    4.019038
    4.040080
    4.061122
    4.082164
    4.103206
    4.124248
    4.145291
    4.166333
    4.187375
    4.208417
    4.229459
    4.250501
    4.271543
    4.292585
    4.313627
    4.334669
    4.355711
    4.376754
    4.397796
    4.418838
    4.439880
    4.460922
    4.481964
    4.503006
    4.524048
    4.545090
    4.566132
    4.587174
    4.608216
    4.629259
    4.650301
    4.671343
    4.692385
    4.713427
    4.734469
    4.755511
    4.776553
    4.797595
    4.818637
    4.839679
    4.860721
    4.881764
    4.902806
    4.923848
    4.944890
    4.965932
    4.986974
    5.008016
    5.029058
    5.050100
    5.071142
    5.092184
    5.113226
    5.134269
    5.155311
    5.176353
    5.197395
    5.218437
    5.239479
    5.260521
    5.281563
    5.302605
    5.323647
    5.344689
    5.365731
    5.386774
    5.407816
    5.428858
    5.449900
    5.470942
    5.491984
    5.513026
    5.534068
    5.555110
    5.576152
    5.597194
    5.618236
    5.639279
    5.660321
    5.681363
    5.702405
    5.723447
    5.744489
    5.765531
    5.786573
    5.807615
    5.828657
    5.849699
    5.870741
    5.891784
    5.912826
    5.933868
    5.954910
    5.975952
    5.996994
    6.018036
    6.039078
    6.060120
    6.081162
    6.102204
    6.123246
    6.144289
    6.165331
    6.186373
    6.207415
    6.228457
    6.249499
    6.270541
    6.291583
    6.312625
    6.333667
    6.354709
    6.375752
    6.396794
    6.417836
    6.438878
    6.459920
    6.480962
    6.502004
    6.523046
    6.544088
    6.565130
    6.586172
    6.607214
    6.628257
    6.649299
    6.670341
    6.691383
    6.712425
    6.733467
    6.754509
    6.775551
    6.796593
    6.817635
    6.838677
    6.859719
    6.880762
    6.901804
    6.922846
    6.943888
    6.964930
    6.985972
    7.007014
    7.028056
    7.049098