 Eloss (eV)  Int/Int(10Dq)
  -0.500000       0.008597
  -0.492492       0.008785
  -0.484985       0.008981
  -0.477477       0.009185
  -0.469970       0.009397
  -0.462462       0.009619
  -0.454955       0.009850
  -0.447447       0.010092
  -0.439940       0.010345
  -0.432432       0.010609
  -0.424925       0.010886
  -0.417417       0.011176
  -0.409910       0.011481
  -0.402402       0.011801
  -0.394895       0.012137
  -0.387387       0.012491
  -0.379880       0.012864
  -0.372372       0.013257
  -0.364865       0.013672
  -0.357357       0.014111
  -0.349850       0.014576
  -0.342342       0.015068
  -0.334835       0.015590
  -0.327327       0.016146
  -0.319820       0.016736
  -0.312312       0.017366
  -0.304805       0.018038
  -0.297297       0.018757
  -0.289790       0.019526
  -0.282282       0.020351
  -0.274775       0.021238
  -0.267267       0.022193
  -0.259760       0.023224
  -0.252252       0.024338
  -0.244745       0.025544
  -0.237237       0.026855
  -0.229730       0.028281
  -0.222222       0.029837
  -0.214715       0.031540
  -0.207207       0.033407
  -0.199700       0.035461
  -0.192192       0.037727
  -0.184685       0.040235
  -0.177177       0.043019
  -0.169670       0.046120
  -0.162162       0.049587
  -0.154655       0.053476
  -0.147147       0.057855
  -0.139640       0.062805
  -0.132132       0.068423
  -0.124625       0.074824
  -0.117117       0.082144
  -0.109610       0.090547
  -0.102102       0.100226
  -0.094595       0.111406
  -0.087087       0.124346
  -0.079580       0.139332
  -0.072072       0.156663
  -0.064565       0.176618
  -0.057057       0.199395
  -0.049550       0.225001
  -0.042042       0.253092
  -0.034535       0.282763
  -0.027027       0.312331
  -0.019520       0.339256
  -0.012012       0.360374
  -0.004505       0.372581
   0.003003       0.373823
   0.010511       0.363896
   0.018018       0.344527
   0.025526       0.318693
   0.033033       0.289613
   0.040541       0.259987
   0.048048       0.231669
   0.055556       0.205709
   0.063063       0.182543
   0.070571       0.162222
   0.078078       0.144575
   0.085586       0.129333
   0.093093       0.116199
   0.100601       0.104881
   0.108108       0.095116
   0.115616       0.086671
   0.123123       0.079347
   0.130631       0.072976
   0.138138       0.067415
   0.145646       0.062545
   0.153153       0.058268
   0.160661       0.054498
   0.168168       0.051166
   0.175676       0.048213
   0.183183       0.045590
   0.190691       0.043254
   0.198198       0.041170
   0.205706       0.039307
   0.213213       0.037639
   0.220721       0.036145
   0.228228       0.034804
   0.235736       0.033601
   0.243243       0.032522
   0.250751       0.031553
   0.258258       0.030685
   0.265766       0.029908
   0.273273       0.029213
   0.280781       0.028594
   0.288288       0.028044
   0.295796       0.027558
   0.303303       0.027131
   0.310811       0.026759
   0.318318       0.026438
   0.325826       0.026164
   0.333333       0.025936
   0.340841       0.025750
   0.348348       0.025604
   0.355856       0.025496
   0.363363       0.025425
   0.370871       0.025390
   0.378378       0.025388
   0.385886       0.025420
   0.393393       0.025484
   0.400901       0.025579
   0.408408       0.025706
   0.415916       0.025864
   0.423423       0.026052
   0.430931       0.026272
   0.438438       0.026522
   0.445946       0.026803
   0.453453       0.027116
   0.460961       0.027461
   0.468468       0.027839
   0.475976       0.028251
   0.483483       0.028697
   0.490991       0.029180
   0.498498       0.029700
   0.506006       0.030258
   0.513514       0.030857
   0.521021       0.031499
   0.528529       0.032186
   0.536036       0.032920
   0.543544       0.033704
   0.551051       0.034541
   0.558559       0.035435
   0.566066       0.036390
   0.573574       0.037409
   0.581081       0.038497
   0.588589       0.039660
   0.596096       0.040905
   0.603604       0.042236
   0.611111       0.043663
   0.618619       0.045193
   0.626126       0.046837
   0.633634       0.048604
   0.641141       0.050509
   0.648649       0.052563
   0.656156       0.054785
   0.663664       0.057191
   0.671171       0.059805
   0.678679       0.062650
   0.686186       0.065754
   0.693694       0.069152
   0.701201       0.072883
   0.708709       0.076992
   0.716216       0.081532
   0.723724       0.086568
   0.731231       0.092174
   0.738739       0.098437
   0.746246       0.105460
   0.753754       0.113361
   0.761261       0.122276
   0.768769       0.132353
   0.776276       0.143750
   0.783784       0.156616
   0.791291       0.171062
   0.798799       0.187120
   0.806306       0.204663
   0.813814       0.223327
   0.821321       0.242427
   0.828829       0.260949
   0.836336       0.277697
   0.843844       0.291612
   0.851351       0.302185
   0.858859       0.309731
   0.866366       0.315346
   0.873874       0.320580
   0.881381       0.327039
   0.888889       0.336120
   0.896396       0.348921
   0.903904       0.366271
   0.911411       0.388792
   0.918919       0.416933
   0.926426       0.450938
   0.933934       0.490737
   0.941441       0.535745
   0.948949       0.584622
   0.956456       0.635074
   0.963964       0.683880
   0.971471       0.727336
   0.978979       0.762162
   0.986486       0.786594
   0.993994       0.801159
   1.001502       0.808632
   1.009009       0.813168
   1.016517       0.819031
   1.024024       0.829493
   1.031532       0.846181
   1.039039       0.868902
   1.046547       0.895857
   1.054054       0.924219
   1.061562       0.950959
   1.069069       0.973559
   1.076577       0.990230
   1.084084       0.999550
   1.091592       1.000000
   1.099099       0.989888
   1.106607       0.967758
   1.114114       0.932941
   1.121622       0.885991
   1.129129       0.828867
   1.136637       0.764754
   1.144144       0.697468
   1.151652       0.630659
   1.159159       0.567187
   1.166667       0.508865
   1.174174       0.456554
   1.181682       0.410405
   1.189189       0.370135
   1.196697       0.335236
   1.204204       0.305120
   1.211712       0.279198
   1.219219       0.256929
   1.226727       0.237824
   1.234234       0.221451
   1.241742       0.207419
   1.249249       0.195360
   1.256757       0.184908
   1.264264       0.175694
   1.271772       0.167352
   1.279279       0.159557
   1.286787       0.152078
   1.294294       0.144812
   1.301802       0.137779
   1.309309       0.131076
   1.316817       0.124817
   1.324324       0.119090
   1.331832       0.113949
   1.339339       0.109407
   1.346847       0.105457
   1.354354       0.102074
   1.361862       0.099231
   1.369369       0.096901
   1.376877       0.095061
   1.384384       0.093697
   1.391892       0.092798
   1.399399       0.092366
   1.406907       0.092409
   1.414414       0.092945
   1.421922       0.094003
   1.429429       0.095624
   1.436937       0.097859
   1.444444       0.100776
   1.451952       0.104458
   1.459459       0.109005
   1.466967       0.114533
   1.474474       0.121174
   1.481982       0.129064
   1.489489       0.138332
   1.496997       0.149070
   1.504505       0.161280
   1.512012       0.174798
   1.519520       0.189204
   1.527027       0.203722
   1.534535       0.217194
   1.542042       0.228206
   1.549550       0.235412
   1.557057       0.237984
   1.564565       0.235954
   1.572072       0.230223
   1.579580       0.222224
   1.587087       0.213481
   1.594595       0.205276
   1.602102       0.198525
   1.609610       0.193805
   1.617117       0.191452
   1.624625       0.191657
   1.632132       0.194544
   1.639640       0.200216
   1.647147       0.208778
   1.654655       0.220329
   1.662162       0.234929
   1.669670       0.252543
   1.677177       0.272961
   1.684685       0.295721
   1.692192       0.320063
   1.699700       0.344964
   1.707207       0.369263
   1.714715       0.391811
   1.722222       0.411558
   1.729730       0.427535
   1.737237       0.438827
   1.744745       0.444618
   1.752252       0.444264
   1.759760       0.437343
   1.767267       0.423721
   1.774775       0.403736
   1.782282       0.378401
   1.789790       0.349375
   1.797297       0.318636
   1.804805       0.288037
   1.812312       0.258984
   1.819820       0.232334
   1.827327       0.208471
   1.834835       0.187446
   1.842342       0.169106
   1.849850       0.153204
   1.857357       0.139459
   1.864865       0.127595
   1.872372       0.117358
   1.879880       0.108530
   1.887387       0.100920
   1.894895       0.094372
   1.902402       0.088756
   1.909910       0.083967
   1.917417       0.079921
   1.924925       0.076550
   1.932432       0.073799
   1.939940       0.071621
   1.947447       0.069970
   1.954955       0.068792
   1.962462       0.070898
   1.969970       0.072668
   1.977477       0.074095
   1.984985       0.075205
   1.992492       0.076038
   2.000000       0.076631
   2.007508       0.077009
   2.015015       0.077189
   2.022523       0.077184
   2.030030       0.077010
   2.037538       0.076691
   2.045045       0.076254
   2.052553       0.075733
   2.060060       0.075159
   2.067568       0.074562
   2.075075       0.073967
   2.082583       0.073394
   2.090090       0.072858
   2.097598       0.072368
   2.105105       0.071931
   2.112613       0.071550
   2.120120       0.071225
   2.127628       0.070956
   2.135135       0.070742
   2.142643       0.070579
   2.150150       0.070466
   2.157658       0.070400
   2.165165       0.070378
   2.172673       0.070397
   2.180180       0.070456
   2.187688       0.070552
   2.195195       0.070683
   2.202703       0.070847
   2.210210       0.071043
   2.217718       0.071268
   2.225225       0.071520
   2.232733       0.071799
   2.240240       0.072103
   2.247748       0.072429
   2.255255       0.072777
   2.262763       0.073144
   2.270270       0.073529
   2.277778       0.073930
   2.285285       0.074346
   2.292793       0.074775
   2.300300       0.075215
   2.307808       0.075665
   2.315315       0.076123
   2.322823       0.076588
   2.330330       0.077059
   2.337838       0.077532
   2.345345       0.078009
   2.352853       0.078486
   2.360360       0.078962
   2.367868       0.079436
   2.375375       0.079907
   2.382883       0.080374
   2.390390       0.080835
   2.397898       0.081289
   2.405405       0.081734
   2.412913       0.082171
   2.420420       0.082598
   2.427928       0.083013
   2.435435       0.083417
   2.442943       0.083809
   2.450450       0.084187
   2.457958       0.084552
   2.465465       0.084902
   2.472973       0.085238
   2.480480       0.085560
   2.487988       0.085866
   2.495495       0.086156
   2.503003       0.086432
   2.510511       0.086692
   2.518018       0.086936
   2.525526       0.087166
   2.533033       0.087380
   2.540541       0.087579
   2.548048       0.087763
   2.555556       0.087933
   2.563063       0.088089
   2.570571       0.088231
   2.578078       0.088359
   2.585586       0.088473
   2.593093       0.088575
   2.600601       0.088664
   2.608108       0.088742
   2.615616       0.088807
   2.623123       0.088862
   2.630631       0.088906
   2.638138       0.088940
   2.645646       0.088964
   2.653153       0.088979
   2.660661       0.088986
   2.668168       0.088985
   2.675676       0.088976
   2.683183       0.088960
   2.690691       0.088938
   2.698198       0.088911
   2.705706       0.088878
   2.713213       0.088841
   2.720721       0.088799
   2.728228       0.088755
   2.735736       0.088707
   2.743243       0.088657
   2.750751       0.088606
   2.758258       0.088553
   2.765766       0.088499
   2.773273       0.088444
   2.780781       0.088390
   2.788288       0.088336
   2.795796       0.088284
   2.803303       0.088232
   2.810811       0.088182
   2.818318       0.088134
   2.825826       0.088089
   2.833333       0.088045
   2.840841       0.088005
   2.848348       0.087967
   2.855856       0.087933
   2.863363       0.087902
   2.870871       0.087875
   2.878378       0.087851
   2.885886       0.087831
   2.893393       0.087814
   2.900901       0.087802
   2.908408       0.087718
   2.915916       0.087638
   2.923423       0.087561
   2.930931       0.087489
   2.938438       0.087420
   2.945946       0.087356
   2.953453       0.087296
   2.960961       0.087241
   2.968468       0.087190
   2.975976       0.087145
   2.983483       0.087105
   2.990991       0.087070
   2.998498       0.087041
   3.006006       0.087017
   3.013514       0.087000
   3.021021       0.086988
   3.028529       0.086983
   3.036036       0.086985
   3.043544       0.086992
   3.051051       0.087007
   3.058559       0.087028
   3.066066       0.087056
   3.073574       0.087092
   3.081081       0.087134
   3.088589       0.087183
   3.096096       0.087240
   3.103604       0.087305
   3.111111       0.087376
   3.118619       0.087455
   3.126126       0.087542
   3.133634       0.087636
   3.141141       0.087737
   3.148649       0.087846
   3.156156       0.087963
   3.163664       0.088086
   3.171171       0.088217
   3.178679       0.088356
   3.186186       0.088501
   3.193694       0.088653
   3.201201       0.088813
   3.208709       0.088979
   3.216216       0.089151
   3.223724       0.089330
   3.231231       0.089516
   3.238739       0.089707
   3.246246       0.089904
   3.253754       0.090106
   3.261261       0.090314
   3.268769       0.090527
   3.276276       0.090744
   3.283784       0.090966
   3.291291       0.091191
   3.298799       0.091420
   3.306306       0.091653
   3.313814       0.091888
   3.321321       0.092125
   3.328829       0.092365
   3.336336       0.092606
   3.343844       0.092848
   3.351351       0.093091
   3.358859       0.093334
   3.366366       0.093576
   3.373874       0.093818
   3.381381       0.094058
   3.388889       0.094296
   3.396396       0.094532
   3.403904       0.094764
   3.411411       0.094993
   3.418919       0.095217
   3.426426       0.095437
   3.433934       0.095652
   3.441441       0.095860
   3.448949       0.096062
   3.456456       0.096257
   3.463964       0.096444
   3.471471       0.096623
   3.478979       0.096793
   3.486486       0.096954
   3.493994       0.097105
   3.501502       0.097245
   3.509009       0.097375
   3.516517       0.097493
   3.524024       0.097599
   3.531532       0.097693
   3.539039       0.097774
   3.546547       0.097842
   3.554054       0.097897
   3.561562       0.097938
   3.569069       0.097964
   3.576577       0.097976
   3.584084       0.097974
   3.591592       0.097956
   3.599099       0.097923
   3.606607       0.097875
   3.614114       0.097812
   3.621622       0.097733
   3.629129       0.097638
   3.636637       0.097529
   3.644144       0.097403
   3.651652       0.097262
   3.659159       0.097106
   3.666667       0.096935
   3.674174       0.096748
   3.681682       0.096547
   3.689189       0.096331
   3.696697       0.096101
   3.704204       0.095857
   3.711712       0.095599
   3.719219       0.095328
   3.726727       0.095044
   3.734234       0.094747
   3.741742       0.094438
   3.749249       0.094118
   3.756757       0.093787
   3.764264       0.093445
   3.771772       0.093092
   3.779279       0.092731
   3.786787       0.092360
   3.794294       0.091980
   3.801802       0.091593
   3.809309       0.091198
   3.816817       0.090796
   3.824324       0.090388
   3.831832       0.089974
   3.839339       0.089556
   3.846847       0.089132
   3.854354       0.088705
   3.861862       0.088274
   3.869369       0.087840
   3.876877       0.087404
   3.884384       0.086966
   3.891892       0.086527
   3.899399       0.086088
   3.906907       0.085648
   3.914414       0.085208
   3.921922       0.084769
   3.929429       0.084332
   3.936937       0.083896
   3.944444       0.083462
   3.951952       0.083031
   3.959459       0.082603
   3.966967       0.082179
   3.974474       0.081759
   3.981982       0.081342
   3.989489       0.080931
   3.996997       0.080524
   4.004505       0.080123
   4.012012       0.079727
   4.019520       0.079337
   4.027027       0.078953
   4.034535       0.078576
   4.042042       0.078206
   4.049550       0.077843
   4.057057       0.077487
   4.064565       0.077139
   4.072072       0.076798
   4.079580       0.076465
   4.087087       0.076141
   4.094595       0.075824
   4.102102       0.075517
   4.109610       0.075217
   4.117117       0.074927
   4.124625       0.074645
   4.132132       0.074373
   4.139640       0.074109
   4.147147       0.073855
   4.154655       0.073610
   4.162162       0.073374
   4.169670       0.073148
   4.177177       0.072932
   4.184685       0.072725
   4.192192       0.072527
   4.199700       0.072340
   4.207207       0.072162
   4.214715       0.071993
   4.222222       0.071835
   4.229730       0.071686
   4.237237       0.071547
   4.244745       0.071418
   4.252252       0.071298
   4.259760       0.071189
   4.267267       0.071088
   4.274775       0.070998
   4.282282       0.070917
   4.289790       0.070845
   4.297297       0.070783
   4.304805       0.070731
   4.312312       0.070688
   4.319820       0.070654
   4.327327       0.070629
   4.334835       0.070613
   4.342342       0.070606
   4.349850       0.070608
   4.357357       0.070619
   4.364865       0.070638
   4.372372       0.070666
   4.379880       0.070702
   4.387387       0.070746
   4.394895       0.070798
   4.402402       0.070857
   4.409910       0.070925
   4.417417       0.070999
   4.424925       0.071081
   4.432432       0.071170
   4.439940       0.071266
   4.447447       0.071368
   4.454955       0.071476
   4.462462       0.071591
   4.469970       0.071711
   4.477477       0.071837
   4.484985       0.071967
   4.492492       0.072103
   4.500000       0.072243
   4.507508       0.072387
   4.515015       0.072536
   4.522523       0.072688
   4.530030       0.072843
   4.537538       0.073001
   4.545045       0.073161
   4.552553       0.073324
   4.560060       0.073488
   4.567568       0.073654
   4.575075       0.073820
   4.582583       0.073987
   4.590090       0.074154
   4.597598       0.074321
   4.605105       0.074487
   4.612613       0.074652
   4.620120       0.074815
   4.627628       0.074976
   4.635135       0.075134
   4.642643       0.075290
   4.650150       0.075442
   4.657658       0.075590
   4.665165       0.075734
   4.672673       0.075873
   4.680180       0.076006
   4.687688       0.076134
   4.695195       0.076256
   4.702703       0.076371
   4.710210       0.076479
   4.717718       0.076580
   4.725225       0.076673
   4.732733       0.076757
   4.740240       0.076833
   4.747748       0.076900
   4.755255       0.076957
   4.762763       0.077005
   4.770270       0.077042
   4.777778       0.077069
   4.785285       0.077086
   4.792793       0.077091
   4.800300       0.077085
   4.807808       0.077067
   4.815315       0.077038
   4.822823       0.076996
   4.830330       0.076943
   4.837838       0.076877
   4.845345       0.076798
   4.852853       0.076707
   4.860360       0.076603
   4.867868       0.076486
   4.875375       0.076356
   4.882883       0.076213
   4.890390       0.076057
   4.897898       0.075889
   4.905405       0.075707
   4.912913       0.075512
   4.920420       0.075305
   4.927928       0.075085
   4.935435       0.074852
   4.942943       0.074607
   4.950450       0.074349
   4.957958       0.074079
   4.965465       0.073797
   4.972973       0.073504
   4.980480       0.073198
   4.987988       0.072882
   4.995495       0.072554
   5.003003       0.072216
   5.010511       0.071867
   5.018018       0.071509
   5.025526       0.071140
   5.033033       0.070762
   5.040541       0.070374
   5.048048       0.069978
   5.055556       0.069573
   5.063063       0.069160
   5.070571       0.068739
   5.078078       0.068311
   5.085586       0.067876
   5.093093       0.067434
   5.100601       0.066985
   5.108108       0.066531
   5.115616       0.066072
   5.123123       0.065607
   5.130631       0.065138
   5.138138       0.064664
   5.145646       0.064186
   5.153153       0.063705
   5.160661       0.063221
   5.168168       0.062733
   5.175676       0.062243
   5.183183       0.061751
   5.190691       0.061258
   5.198198       0.060762
   5.205706       0.060266
   5.213213       0.059769
   5.220721       0.059271
   5.228228       0.058773
   5.235736       0.058275
   5.243243       0.057778
   5.250751       0.057281
   5.258258       0.056786
   5.265766       0.056291
   5.273273       0.055798
   5.280781       0.055307
   5.288288       0.054817
   5.295796       0.054330
   5.303303       0.053845
   5.310811       0.053363
   5.318318       0.052883
   5.325826       0.052407
   5.333333       0.051933
   5.340841       0.051463
   5.348348       0.050996
   5.355856       0.050532
   5.363363       0.050072
   5.370871       0.049616
   5.378378       0.049164
   5.385886       0.048715
   5.393393       0.048271
   5.400901       0.047831
   5.408408       0.047395
   5.415916       0.046963
   5.423423       0.046536
   5.430931       0.046113
   5.438438       0.045694
   5.445946       0.045280
   5.453453       0.044870
   5.460961       0.044465
   5.468468       0.044064
   5.475976       0.043668
   5.483483       0.043276
   5.490991       0.042889
   5.498498       0.042507
   5.506006       0.042129
   5.513514       0.041755
   5.521021       0.041386
   5.528529       0.041021
   5.536036       0.040661
   5.543544       0.040306
   5.551051       0.039954
   5.558559       0.039607
   5.566066       0.039264
   5.573574       0.038926
   5.581081       0.038592
   5.588589       0.038262
   5.596096       0.037936
   5.603604       0.037614
   5.611111       0.037296
   5.618619       0.036982
   5.626126       0.036673
   5.633634       0.036367
   5.641141       0.036064
   5.648649       0.035766
   5.656156       0.035471
   5.663664       0.035180
   5.671171       0.034893
   5.678679       0.034609
   5.686186       0.034328
   5.693694       0.034052
   5.701201       0.033778
   5.708709       0.033508
   5.716216       0.033241
   5.723724       0.032977
   5.731231       0.032716
   5.738739       0.032459
   5.746246       0.032204
   5.753754       0.031953
   5.761261       0.031704
   5.768769       0.031459
   5.776276       0.031216
   5.783784       0.030976
   5.791291       0.030739
   5.798799       0.030504
   5.806306       0.030272
   5.813814       0.030043
   5.821321       0.029816
   5.828829       0.029592
   5.836336       0.029371
   5.843844       0.029151
   5.851351       0.028935
   5.858859       0.028720
   5.866366       0.028508
   5.873874       0.028298
   5.881381       0.028091
   5.888889       0.027886
   5.896396       0.027682
   5.903904       0.027482
   5.911411       0.027283
   5.918919       0.027086
   5.926426       0.026891
   5.933934       0.026699
   5.941441       0.026508
   5.948949       0.026319
   5.956456       0.026133
   5.963964       0.025948
   5.971471       0.025765
   5.978979       0.025584
   5.986486       0.025405
   5.993994       0.025227
   6.001502       0.025052
   6.009009       0.024878
   6.016517       0.024706
   6.024024       0.024536
   6.031532       0.024367
   6.039039       0.024200
   6.046547       0.024035
   6.054054       0.023872
   6.061562       0.023710
   6.069069       0.023549
   6.076577       0.023391
   6.084084       0.023233
   6.091592       0.023078
   6.099099       0.022924
   6.106607       0.022771
   6.114114       0.022620
   6.121622       0.022471
   6.129129       0.022323
   6.136637       0.022176
   6.144144       0.022031
   6.151652       0.021887
   6.159159       0.021745
   6.166667       0.021604
   6.174174       0.021465
   6.181682       0.021327
   6.189189       0.021190
   6.196697       0.021054
   6.204204       0.020920
   6.211712       0.020788
   6.219219       0.020656
   6.226727       0.020526
   6.234234       0.020397
   6.241742       0.020269
   6.249249       0.020143
   6.256757       0.020018
   6.264264       0.019894
   6.271772       0.019772
   6.279279       0.019650
   6.286787       0.019530
   6.294294       0.019411
   6.301802       0.019293
   6.309309       0.019176
   6.316817       0.019061
   6.324324       0.018946
   6.331832       0.018833
   6.339339       0.018721
   6.346847       0.018610
   6.354354       0.018500
   6.361862       0.018391
   6.369369       0.018283
   6.376877       0.018176
   6.384384       0.018070
   6.391892       0.017966
   6.399399       0.017862
   6.406907       0.017760
   6.414414       0.017658
   6.421922       0.017558
   6.429429       0.017458
   6.436937       0.017359
   6.444444       0.017262
   6.451952       0.017165
   6.459459       0.017069
   6.466967       0.016975
   6.474474       0.016881
   6.481982       0.016788
   6.489489       0.016696
   6.496997       0.016605
   6.504505       0.016515
   6.512012       0.016426
   6.519520       0.016337
   6.527027       0.016250
   6.534535       0.016163
   6.542042       0.016078
   6.549550       0.015993
   6.557057       0.015908
   6.564565       0.015825
   6.572072       0.015743
   6.579580       0.015661
   6.587087       0.015580
   6.594595       0.015500
   6.602102       0.015420
   6.609610       0.015342
   6.617117       0.015264
   6.624625       0.015186
   6.632132       0.015110
   6.639640       0.015034
   6.647147       0.014959
   6.654655       0.014884
   6.662162       0.014810
   6.669670       0.014737
   6.677177       0.014664
   6.684685       0.014592
   6.692192       0.014521
   6.699700       0.014450
   6.707207       0.014380
   6.714715       0.014310
   6.722222       0.014241
   6.729730       0.014172
   6.737237       0.014104
   6.744745       0.014036
   6.752252       0.013969
   6.759760       0.013902
   6.767267       0.013836
   6.774775       0.013770
   6.782282       0.013705
   6.789790       0.013640
   6.797297       0.013576
   6.804805       0.013511
   6.812312       0.013448
   6.819820       0.013384
   6.827327       0.013321
   6.834835       0.013258
   6.842342       0.013196
   6.849850       0.013134
   6.857357       0.013072
   6.864865       0.013011
   6.872372       0.012950
   6.879880       0.012889
   6.887387       0.012828
   6.894895       0.012768
   6.902402       0.012708
   6.909910       0.012648
   6.917417       0.012589
   6.924925       0.012530
   6.932432       0.012471
   6.939940       0.012412
   6.947447       0.012353
   6.954955       0.012295
   6.962462       0.012237
   6.969970       0.012179
   6.977477       0.012121
   6.984985       0.012063
   6.992492       0.012006
   7.000000       0.011949