 Eloss (eV)  Int/Int(10Dq)
 -37.956603      -0.075981
 -37.924878      -0.051763
 -37.893154      -0.043060
 -37.861429      -0.027464
 -37.829704      -0.009660
 -37.797979      -0.011532
 -37.766254      -0.007311
 -37.734529      -0.020602
 -37.702804       0.002625
 -37.671079      -0.012000
 -37.639354      -0.013594
 -37.607629      -0.013855
 -37.575904      -0.004147
 -37.544180      -0.009111
 -37.512455      -0.013049
 -37.480730      -0.014910
 -37.449005      -0.008889
 -37.417280      -0.018540
 -37.385555      -0.010991
 -37.353830      -0.013386
 -37.322105      -0.003519
 -37.290380      -0.011269
 -37.258655      -0.006088
 -37.226930      -0.011884
 -37.195205      -0.011130
 -37.163481      -0.022022
 -37.131756      -0.022975
 -37.100031      -0.032820
 -37.068306      -0.006176
 -37.036581      -0.006691
 -37.004856      -0.013410
 -36.973131      -0.012657
 -36.941406      -0.002532
 -36.909681      -0.007480
 -36.877956      -0.013067
 -36.846231      -0.011665
 -36.814507       0.000659
 -36.782782      -0.007493
 -36.751057      -0.014218
 -36.719332      -0.017797
 -36.687607      -0.002491
 -36.655882      -0.012080
 -36.624157      -0.009624
 -36.592432      -0.017970
 -36.560707      -0.001526
 -36.528982      -0.013030
 -36.497257      -0.014658
 -36.465533      -0.018246
 -36.433808      -0.002902
 -36.402083      -0.008079
 -36.370358      -0.017384
 -36.338633      -0.019940
 -36.306908      -0.002483
 -36.275183      -0.010585
 -36.243458      -0.015628
 -36.211733      -0.015716
 -36.180008      -0.004429
 -36.148283      -0.009422
 -36.116559      -0.009207
 -36.084834      -0.008877
 -36.053109      -0.000037
 -36.021384      -0.013880
 -35.989659      -0.015545
 -35.957934      -0.016100
 -35.926209      -0.006570
 -35.894484      -0.010718
 -35.862759      -0.016011
 -35.831034      -0.016265
 -35.799309      -0.012365
 -35.767584      -0.011489
 -35.735860      -0.011586
 -35.704135      -0.013319
 -35.672410      -0.000660
 -35.640685      -0.010639
 -35.608960      -0.015308
 -35.577235      -0.010082
 -35.545510       0.006732
 -35.513785      -0.009297
 -35.482060      -0.013206
 -35.450335      -0.023734
 -35.418610      -0.016111
 -35.386886      -0.005226
 -35.355161      -0.009830
 -35.323436      -0.019139
 -35.291711      -0.001125
 -35.259986      -0.011208
 -35.228261      -0.007924
 -35.196536      -0.007949
 -35.164811      -0.000694
 -35.133086       0.002738
 -35.101361      -0.006464
 -35.069636      -0.011112
 -35.037912      -0.009279
 -35.006187      -0.019096
 -34.974462      -0.013326
 -34.942737      -0.020006
 -34.911012      -0.015878
 -34.879287      -0.013722
 -34.847562      -0.018411
 -34.815837      -0.032287
 -34.784112      -0.013981
 -34.752387      -0.017520
 -34.720662      -0.014691
 -34.688938      -0.015103
 -34.657213      -0.006115
 -34.625488      -0.016364
 -34.593763      -0.012827
 -34.562038      -0.015214
 -34.530313      -0.002642
 -34.498588      -0.003879
 -34.466863      -0.010042
 -34.435138      -0.016591
 -34.403413      -0.006061
 -34.371688      -0.011156
 -34.339963      -0.016325
 -34.308239      -0.023819
 -34.276514      -0.013348
 -34.244789      -0.015579
 -34.213064      -0.014607
 -34.181339      -0.016445
 -34.149614      -0.008494
 -34.117889      -0.006408
 -34.086164      -0.004366
 -34.054439      -0.012513
 -34.022714      -0.006940
 -33.990989      -0.020686
 -33.959265      -0.013591
 -33.927540      -0.017257
 -33.895815      -0.007189
 -33.864090      -0.016577
 -33.832365      -0.014911
 -33.800640      -0.023520
 -33.768915      -0.008602
 -33.737190      -0.018198
 -33.705465      -0.006320
 -33.673740      -0.019369
 -33.642015      -0.009308
 -33.610291      -0.015804
 -33.578566      -0.011629
 -33.546841      -0.023190
 -33.515116      -0.009721
 -33.483391      -0.012443
 -33.451666      -0.011281
 -33.419941      -0.020511
 -33.388216      -0.010186
 -33.356491      -0.006381
 -33.324766      -0.012227
 -33.293041      -0.018875
 -33.261317      -0.005298
 -33.229592      -0.014481
 -33.197867      -0.008922
 -33.166142      -0.013992
 -33.134417       0.004411
 -33.102692      -0.004033
 -33.070967      -0.006705
 -33.039242      -0.013712
 -33.007517      -0.001756
 -32.975792      -0.011542
 -32.944067      -0.017253
 -32.912342      -0.023779
 -32.880618       0.003413
 -32.848893      -0.006479
 -32.817168      -0.012496
 -32.785443      -0.021712
 -32.753718      -0.005583
 -32.721993      -0.011824
 -32.690268      -0.007310
 -32.658543      -0.013227
 -32.626818      -0.000637
 -32.595093      -0.011374
 -32.563368      -0.009813
 -32.531644      -0.015692
 -32.499919      -0.002987
 -32.468194      -0.009662
 -32.436469      -0.010799
 -32.404744      -0.014666
 -32.373019      -0.004031
 -32.341294      -0.016556
 -32.309569      -0.019263
 -32.277844      -0.017987
 -32.246119      -0.003605
 -32.214394      -0.005396
 -32.182670      -0.006469
 -32.150945      -0.020813
 -32.119220      -0.008390
 -32.087495      -0.010152
 -32.055770      -0.020335
 -32.024045      -0.017509
 -31.992320      -0.004972
 -31.960595      -0.014024
 -31.928870      -0.015433
 -31.897145      -0.012757
 -31.865420      -0.005672
 -31.833696      -0.014929
 -31.801971      -0.012476
 -31.770246      -0.017683
 -31.738521      -0.013106
 -31.706796      -0.006515
 -31.675071      -0.014094
 -31.643346      -0.014017
 -31.611621       0.000432
 -31.579896      -0.007495
 -31.548171      -0.009547
 -31.516446      -0.013604
 -31.484721       0.002402
 -31.452997      -0.009371
 -31.421272      -0.008568
 -31.389547      -0.014851
 -31.357822      -0.000935
 -31.326097      -0.005085
 -31.294372      -0.008938
 -31.262647      -0.013766
 -31.230922      -0.000164
 -31.199197      -0.006860
 -31.167472      -0.005466
 -31.135747      -0.013009
 -31.104023      -0.004150
 -31.072298      -0.007746
 -31.040573      -0.010496
 -31.008848      -0.018293
 -30.977123      -0.011010
 -30.945398      -0.018189
 -30.913673      -0.018008
 -30.881948      -0.020883
 -30.850223      -0.010220
 -30.818498      -0.010115
 -30.786773      -0.008890
 -30.755049      -0.011136
 -30.723324      -0.000091
 -30.691599      -0.001736
 -30.659874      -0.001358
 -30.628149      -0.009240
 -30.596424       0.003130
 -30.564699      -0.005804
 -30.532974      -0.006160
 -30.501249      -0.012818
 -30.469524      -0.007776
 -30.437799      -0.011604
 -30.406075      -0.013532
 -30.374350      -0.021740
 -30.342625      -0.017590
 -30.310900      -0.017526
 -30.279175      -0.012256
 -30.247450      -0.014969
 -30.215725      -0.001103
 -30.184000      -0.007329
 -30.152275      -0.005537
 -30.120550      -0.010458
 -30.088825      -0.001293
 -30.057100      -0.009903
 -30.025376      -0.007172
 -29.993651      -0.009817
 -29.961926      -0.001674
 -29.930201      -0.006867
 -29.898476      -0.003446
 -29.866751      -0.010680
 -29.835026       0.010385
 -29.803301      -0.002972
 -29.771576      -0.003204
 -29.739851      -0.010244
 -29.708126       0.005451
 -29.676402      -0.013778
 -29.644677      -0.006733
 -29.612952      -0.010864
 -29.581227       0.000326
 -29.549502      -0.005990
 -29.517777      -0.011917
 -29.486052      -0.013685
 -29.454327      -0.000365
 -29.422602      -0.009322
 -29.390877      -0.010226
 -29.359152      -0.012842
 -29.327428      -0.006216
 -29.295703      -0.010014
 -29.263978      -0.014115
 -29.232253      -0.012090
 -29.200528      -0.006232
 -29.168803      -0.011359
 -29.137078      -0.005467
 -29.105353      -0.013538
 -29.073628      -0.002938
 -29.041903       0.003523
 -29.010178       0.004167
 -28.978454      -0.014415
 -28.946729      -0.002184
 -28.915004      -0.007496
 -28.883279      -0.013038
 -28.851554      -0.020695
 -28.819829      -0.007994
 -28.788104      -0.006722
 -28.756379      -0.005137
 -28.724654      -0.011742
 -28.692929       0.001406
 -28.661204      -0.000951
 -28.629479      -0.002845
 -28.597755      -0.008498
 -28.566030       0.006826
 -28.534305      -0.002050
 -28.502580      -0.005128
 -28.470855      -0.008067
 -28.439130      -0.000918
 -28.407405      -0.003855
 -28.375680      -0.007265
 -28.343955      -0.021071
 -28.312230      -0.001126
 -28.280505      -0.013698
 -28.248781      -0.012622
 -28.217056      -0.008465
 -28.185331       0.003564
 -28.153606      -0.002246
 -28.121881      -0.006269
 -28.090156      -0.011278
 -28.058431      -0.001873
 -28.026706      -0.007657
 -27.994981      -0.007837
 -27.963256      -0.017294
 -27.931531      -0.003211
 -27.899807      -0.009040
 -27.868082      -0.008645
 -27.836357      -0.014350
 -27.804632      -0.000982
 -27.772907      -0.005931
 -27.741182      -0.013880
 -27.709457      -0.020486
 -27.677732      -0.003735
 -27.646007      -0.010032
 -27.614282      -0.015017
 -27.582557      -0.014591
 -27.550833       0.002043
 -27.519108      -0.002429
 -27.487383      -0.007900
 -27.455658      -0.014962
 -27.423933      -0.008151
 -27.392208      -0.009639
 -27.360483      -0.009549
 -27.328758      -0.013591
 -27.297033      -0.006072
 -27.265308      -0.008233
 -27.233583       0.004796
 -27.201858      -0.003551
 -27.170134       0.006168
 -27.138409      -0.008672
 -27.106684      -0.001684
 -27.074959      -0.017920
 -27.043234      -0.005110
 -27.011509      -0.013463
 -26.979784      -0.013816
 -26.948059      -0.017411
 -26.916334      -0.007467
 -26.884609      -0.016724
 -26.852884      -0.007935
 -26.821160      -0.010405
 -26.789435      -0.000166
 -26.757710      -0.006678
 -26.725985      -0.008328
 -26.694260      -0.009878
 -26.662535      -0.000285
 -26.630810      -0.009155
 -26.599085      -0.001451
 -26.567360      -0.010825
 -26.535635       0.004034
 -26.503910       0.001033
 -26.472186      -0.003141
 -26.440461      -0.005133
 -26.408736       0.005222
 -26.377011      -0.005204
 -26.345286      -0.007338
 -26.313561      -0.001741
 -26.281836       0.005003
 -26.250111      -0.006131
 -26.218386      -0.002256
 -26.186661      -0.006106
 -26.154936       0.012749
 -26.123211       0.005309
 -26.091487       0.007606
 -26.059762      -0.001853
 -26.028037       0.008523
 -25.996312       0.005642
 -25.964587       0.000136
 -25.932862      -0.004972
 -25.901137       0.008783
 -25.869412       0.007085
 -25.837687       0.003306
 -25.805962       0.003979
 -25.774237       0.012926
 -25.742513       0.009963
 -25.710788       0.005015
 -25.679063       0.001117
 -25.647338       0.008213
 -25.615613       0.001022
 -25.583888       0.006150
 -25.552163       0.001359
 -25.520438       0.013423
 -25.488713       0.000377
 -25.456988      -0.001705
 -25.425263      -0.007284
 -25.393539       0.003735
 -25.361814      -0.002126
 -25.330089      -0.003763
 -25.298364      -0.010688
 -25.266639       0.005593
 -25.234914      -0.005129
 -25.203189       0.001669
 -25.171464      -0.001226
 -25.139739       0.007349
 -25.108014      -0.000096
 -25.076289       0.003799
 -25.044565      -0.007413
 -25.012840       0.002961
 -24.981115      -0.002579
 -24.949390      -0.003068
 -24.917665      -0.009438
 -24.885940       0.012080
 -24.854215       0.006081
 -24.822490      -0.002065
 -24.790765      -0.007460
 -24.759040       0.001661
 -24.727315      -0.001274
 -24.695590       0.003982
 -24.663866      -0.001358
 -24.632141       0.008854
 -24.600416       0.001933
 -24.568691       0.005749
 -24.536966      -0.007089
 -24.505241       0.004295
 -24.473516       0.004595
 -24.441791      -0.006248
 -24.410066      -0.011878
 -24.378341       0.001785
 -24.346616      -0.007339
 -24.314892      -0.005280
 -24.283167      -0.004283
 -24.251442       0.008519
 -24.219717      -0.002144
 -24.187992      -0.000459
 -24.156267      -0.010359
 -24.124542       0.009719
 -24.092817       0.000415
 -24.061092      -0.002789
 -24.029367      -0.008216
 -23.997642       0.004101
 -23.965918      -0.006018
 -23.934193      -0.009668
 -23.902468      -0.013859
 -23.870743      -0.000206
 -23.839018      -0.001500
 -23.807293      -0.000050
 -23.775568      -0.000909
 -23.743843       0.012518
 -23.712118       0.005179
 -23.680393       0.005413
 -23.648668       0.000950
 -23.616944       0.003077
 -23.585219      -0.012061
 -23.553494      -0.003654
 -23.521769      -0.005256
 -23.490044       0.001946
 -23.458319       0.001987
 -23.426594      -0.009036
 -23.394869      -0.016497
 -23.363144      -0.003926
 -23.331419      -0.006211
 -23.299694       0.003324
 -23.267969      -0.001437
 -23.236245       0.013187
 -23.204520       0.003472
 -23.172795       0.001901
 -23.141070      -0.005428
 -23.109345       0.012877
 -23.077620       0.002972
 -23.045895      -0.002853
 -23.014170      -0.003095
 -22.982445       0.004868
 -22.950720       0.003906
 -22.918995       0.000459
 -22.887271      -0.006177
 -22.855546       0.004635
 -22.823821       0.001545
 -22.792096      -0.005480
 -22.760371       0.001977
 -22.728646       0.009084
 -22.696921       0.004310
 -22.665196       0.007993
 -22.633471      -0.003605
 -22.601746       0.003978
 -22.570021      -0.004327
 -22.538297      -0.004106
 -22.506572      -0.013996
 -22.474847       0.004321
 -22.443122      -0.004882
 -22.411397      -0.001372
 -22.379672      -0.004087
 -22.347947       0.010122
 -22.316222       0.010923
 -22.284497       0.010010
 -22.252772       0.005415
 -22.221047       0.020238
 -22.189323       0.001746
 -22.157598       0.001806
 -22.125873      -0.009319
 -22.094148       0.000087
 -22.062423      -0.004313
 -22.030698      -0.013033
 -21.998973      -0.011228
 -21.967248      -0.000762
 -21.935523       0.000891
 -21.903798      -0.000546
 -21.872073      -0.006569
 -21.840348       0.006829
 -21.808624      -0.003549
 -21.776899      -0.004546
 -21.745174      -0.002110
 -21.713449       0.003564
 -21.681724      -0.001867
 -21.649999      -0.004611
 -21.618274      -0.011807
 -21.586549       0.006352
 -21.554824       0.000058
 -21.523099      -0.002605
 -21.491374      -0.007867
 -21.459650       0.005782
 -21.427925       0.008134
 -21.396200       0.011972
 -21.364475       0.001207
 -21.332750       0.010396
 -21.301025       0.009468
 -21.269300       0.000790
 -21.237575      -0.007608
 -21.205850       0.018354
 -21.174125       0.009127
 -21.142400       0.005193
 -21.110676       0.001714
 -21.078951       0.001600
 -21.047226       0.002158
 -21.015501       0.002595
 -20.983776      -0.003381
 -20.952051       0.008223
 -20.920326      -0.001757
 -20.888601       0.002453
 -20.856876      -0.009134
 -20.825151       0.007071
 -20.793426       0.008502
 -20.761702       0.009581
 -20.729977       0.004071
 -20.698252       0.016021
 -20.666527       0.007950
 -20.634802       0.005840
 -20.603077      -0.003500
 -20.571352       0.007179
 -20.539627      -0.002305
 -20.507902      -0.002860
 -20.476177      -0.005186
 -20.444452       0.002228
 -20.412727       0.005142
 -20.381003       0.002625
 -20.349278      -0.004385
 -20.317553       0.011506
 -20.285828      -0.008444
 -20.254103      -0.010107
 -20.222378      -0.002123
 -20.190653       0.005052
 -20.158928       0.003442
 -20.127203       0.000555
 -20.095478      -0.006113
 -20.063753       0.004428
 -20.032029      -0.001196
 -20.000304      -0.000925
 -19.968579       0.000124
 -19.936854       0.011777
 -19.905129       0.007571
 -19.873404       0.002202
 -19.841679      -0.004684
 -19.809954       0.002642
 -19.778229      -0.008374
 -19.746504      -0.001794
 -19.714779      -0.007353
 -19.683055       0.006512
 -19.651330       0.002483
 -19.619605      -0.002595
 -19.587880      -0.002624
 -19.556155       0.003859
 -19.524430       0.003184
 -19.492705      -0.000121
 -19.460980      -0.003798
 -19.429255       0.007644
 -19.397530      -0.003087
 -19.365805       0.000615
 -19.334081      -0.007232
 -19.302356       0.006559
 -19.270631       0.002533
 -19.238906       0.000178
 -19.207181      -0.002372
 -19.175456       0.004112
 -19.143731       0.000686
 -19.112006      -0.005016
 -19.080281      -0.005311
 -19.048556       0.004691
 -19.016831      -0.001322
 -18.985106      -0.002734
 -18.953382      -0.011819
 -18.921657       0.001837
 -18.889932       0.003103
 -18.858207       0.002521
 -18.826482      -0.004817
 -18.794757       0.003452
 -18.763032       0.001630
 -18.731307       0.002907
 -18.699582      -0.008026
 -18.667857       0.010020
 -18.636132       0.000739
 -18.604408       0.000451
 -18.572683      -0.009368
 -18.540958       0.004213
 -18.509233      -0.000641
 -18.477508      -0.003938
 -18.445783      -0.009877
 -18.414058       0.007759
 -18.382333       0.002954
 -18.350608      -0.002092
 -18.318883       0.007587
 -18.287158       0.009732
 -18.255434       0.007995
 -18.223709       0.006754
 -18.191984      -0.001959
 -18.160259       0.006557
 -18.128534       0.005054
 -18.096809      -0.004867
 -18.065084      -0.008404
 -18.033359      -0.002157
 -18.001634      -0.008492
 -17.969909      -0.007019
 -17.938184      -0.009785
 -17.906460       0.007884
 -17.874735      -0.006160
 -17.843010      -0.004041
 -17.811285      -0.007622
 -17.779560       0.014502
 -17.747835       0.005293
 -17.716110       0.006712
 -17.684385       0.002039
 -17.652660       0.016988
 -17.620935       0.007450
 -17.589210      -0.000448
 -17.557485      -0.002420
 -17.525761       0.001998
 -17.494036      -0.000430
 -17.462311       0.007703
 -17.430586       0.003906
 -17.398861       0.009068
 -17.367136      -0.001993
 -17.335411       0.004138
 -17.303686      -0.003520
 -17.271961       0.005616
 -17.240236      -0.004077
 -17.208511      -0.001287
 -17.176787      -0.002036
 -17.145062       0.002860
 -17.113337      -0.003113
 -17.081612      -0.005546
 -17.049887      -0.007315
 -17.018162       0.009874
 -16.986437       0.002870
 -16.954712       0.000900
 -16.922987      -0.006409
 -16.891262       0.004346
 -16.859537      -0.003532
 -16.827813      -0.009204
 -16.796088      -0.009749
 -16.764363       0.003040
 -16.732638      -0.006465
 -16.700913      -0.003165
 -16.669188      -0.009643
 -16.637463       0.003568
 -16.605738       0.000180
 -16.574013      -0.001950
 -16.542288      -0.007410
 -16.510563       0.005365
 -16.478839       0.000243
 -16.447114      -0.005121
 -16.415389      -0.005391
 -16.383664       0.003824
 -16.351939      -0.004380
 -16.320214      -0.002954
 -16.288489      -0.009473
 -16.256764      -0.000160
 -16.225039      -0.005587
 -16.193314      -0.003231
 -16.161589      -0.006168
 -16.129864       0.005330
 -16.098140       0.005549
 -16.066415      -0.001615
 -16.034690      -0.009528
 -16.002965       0.002061
 -15.971240      -0.005629
 -15.939515      -0.011455
 -15.907790      -0.007060
 -15.876065       0.005835
 -15.844340      -0.004121
 -15.812615       0.001435
 -15.780890      -0.007588
 -15.749166       0.014471
 -15.717441       0.006337
 -15.685716       0.003765
 -15.653991       0.002673
 -15.622266       0.020409
 -15.590541       0.010117
 -15.558816       0.011071
 -15.527091      -0.002685
 -15.495366       0.004781
 -15.463641       0.000804
 -15.431916       0.000503
 -15.400192      -0.006449
 -15.368467       0.001910
 -15.336742      -0.000813
 -15.305017       0.005783
 -15.273292      -0.005847
 -15.241567       0.008653
 -15.209842       0.007694
 -15.178117       0.003182
 -15.146392      -0.000778
 -15.114667       0.013080
 -15.082942       0.008617
 -15.051218      -0.000314
 -15.019493      -0.006122
 -14.987768       0.010619
 -14.956043       0.005222
 -14.924318      -0.000003
 -14.892593      -0.006462
 -14.860868       0.010785
 -14.829143       0.001700
 -14.797418       0.004071
 -14.765693      -0.011290
 -14.733968       0.005386
 -14.702243       0.000349
 -14.670519       0.008121
 -14.638794      -0.008105
 -14.607069       0.010224
 -14.575344       0.005196
 -14.543619       0.002263
 -14.511894       0.000201
 -14.480169       0.006966
 -14.448444       0.003907
 -14.416719      -0.001095
 -14.384994      -0.003124
 -14.353269       0.006806
 -14.321545       0.004097
 -14.289820      -0.002528
 -14.258095      -0.004504
 -14.226370       0.008390
 -14.194645       0.001808
 -14.162920       0.001884
 -14.131195      -0.002045
 -14.099470       0.006967
 -14.067745       0.000311
 -14.036020      -0.011334
 -14.004295      -0.010304
 -13.972571      -0.000086
 -13.940846      -0.002942
 -13.909121      -0.001755
 -13.877396      -0.011537
 -13.845671       0.008299
 -13.813946       0.003904
 -13.782221       0.000243
 -13.750496      -0.010804
 -13.718771       0.010446
 -13.687046       0.001115
 -13.655321       0.004794
 -13.623597      -0.000674
 -13.591872       0.008590
 -13.560147       0.001520
 -13.528422       0.007051
 -13.496697      -0.002872
 -13.464972       0.006381
 -13.433247       0.006847
 -13.401522       0.001252
 -13.369797      -0.002440
 -13.338072       0.009393
 -13.306347       0.004841
 -13.274622       0.007926
 -13.242898       0.008507
 -13.211173       0.019015
 -13.179448       0.003003
 -13.147723      -0.000665
 -13.115998      -0.008599
 -13.084273       0.002227
 -13.052548      -0.006012
 -13.020823      -0.011845
 -12.989098      -0.010813
 -12.957373       0.010505
 -12.925648       0.004733
 -12.893924       0.006594
 -12.862199      -0.000683
 -12.830474       0.012055
 -12.798749       0.003737
 -12.767024      -0.001832
 -12.735299      -0.004870
 -12.703574      -0.002723
 -12.671849       0.010400
 -12.640124       0.001472
 -12.608399      -0.004955
 -12.576674       0.011197
 -12.544950       0.009208
 -12.513225       0.002442
 -12.481500      -0.001614
 -12.449775       0.005679
 -12.418050       0.005964
 -12.386325       0.006103
 -12.354600      -0.001313
 -12.322875       0.018570
 -12.291150       0.007773
 -12.259425       0.020062
 -12.227700      -0.002405
 -12.195976       0.011947
 -12.164251      -0.000755
 -12.132526      -0.002602
 -12.100801      -0.001258
 -12.069076       0.015420
 -12.037351      -0.005367
 -12.005626      -0.004018
 -11.973901      -0.014537
 -11.942176      -0.007969
 -11.910451      -0.004759
 -11.878726       0.001799
 -11.847001      -0.000271
 -11.815277       0.017354
 -11.783552       0.009821
 -11.751827       0.008513
 -11.720102       0.007474
 -11.688377       0.013706
 -11.656652       0.000931
 -11.624927       0.009918
 -11.593202      -0.000735
 -11.561477       0.004119
 -11.529752       0.005382
 -11.498027       0.000318
 -11.466303      -0.001945
 -11.434578       0.005639
 -11.402853       0.000869
 -11.371128       0.004900
 -11.339403       0.001426
 -11.307678       0.012682
 -11.275953       0.008569
 -11.244228      -0.003191
 -11.212503      -0.009245
 -11.180778       0.007974
 -11.149053       0.008156
 -11.117329       0.004937
 -11.085604      -0.002151
 -11.053879       0.006311
 -11.022154      -0.001331
 -10.990429       0.000036
 -10.958704      -0.004844
 -10.926979       0.004950
 -10.895254       0.005139
 -10.863529       0.002012
 -10.831804      -0.009749
 -10.800079       0.006810
 -10.768355       0.003147
 -10.736630      -0.004214
 -10.704905      -0.004939
 -10.673180       0.003990
 -10.641455       0.000010
 -10.609730      -0.007605
 -10.578005      -0.007096
 -10.546280       0.002683
 -10.514555      -0.008809
 -10.482830       0.004632
 -10.451105      -0.007750
 -10.419380       0.008054
 -10.387656      -0.003078
 -10.355931       0.002627
 -10.324206      -0.005340
 -10.292481       0.010752
 -10.260756      -0.000987
 -10.229031       0.011711
 -10.197306       0.001625
 -10.165581       0.009543
 -10.133856      -0.001689
 -10.102131       0.000829
 -10.070406      -0.003883
 -10.038682      -0.000483
 -10.006957      -0.005750
  -9.975232       0.002100
  -9.943507       0.000889
  -9.911782       0.007351
  -9.880057       0.006318
  -9.848332       0.009577
  -9.816607      -0.004228
  -9.784882       0.008114
  -9.753157      -0.004039
  -9.721432      -0.005876
  -9.689708      -0.004172
  -9.657983       0.004745
  -9.626258       0.001838
  -9.594533       0.004555
  -9.562808      -0.002955
  -9.531083       0.009329
  -9.499358       0.008948
  -9.467633       0.003685
  -9.435908      -0.006426
  -9.404183       0.007884
  -9.372458       0.004942
  -9.340734      -0.000970
  -9.309009      -0.001961
  -9.277284       0.008863
  -9.245559       0.000235
  -9.213834       0.005185
  -9.182109      -0.007900
  -9.150384       0.002211
  -9.118659       0.005870
  -9.086934       0.004514
  -9.055209      -0.002007
  -9.023484       0.007636
  -8.991759       0.004470
  -8.960035      -0.000576
  -8.928310      -0.009115
  -8.896585      -0.001478
  -8.864860      -0.001606
  -8.833135      -0.001606
  -8.801410      -0.003334
  -8.769685       0.006588
  -8.737960       0.011521
  -8.706235       0.002098
  -8.674510      -0.000834
  -8.642785       0.010945
  -8.611061       0.011005
  -8.579336       0.004430
  -8.547611      -0.015048
  -8.515886      -0.001716
  -8.484161      -0.008871
  -8.452436      -0.001313
  -8.420711      -0.006602
  -8.388986       0.013520
  -8.357261       0.010815
  -8.325536       0.005005
  -8.293811      -0.003402
  -8.262087       0.011039
  -8.230362       0.003779
  -8.198637      -0.000481
  -8.166912       0.000132
  -8.135187       0.013171
  -8.103462       0.006045
  -8.071737       0.001993
  -8.040012       0.002144
  -8.008287       0.009809
  -7.976562      -0.001454
  -7.944837       0.002405
  -7.913113      -0.007658
  -7.881388       0.006524
  -7.849663       0.001319
  -7.817938      -0.004244
  -7.786213      -0.003450
  -7.754488       0.000065
  -7.722763      -0.002088
  -7.691038      -0.001432
  -7.659313      -0.006598
  -7.627588       0.013597
  -7.595863       0.011605
  -7.564138      -0.000094
  -7.532414      -0.008094
  -7.500689      -0.002235
  -7.468964      -0.004722
  -7.437239      -0.006081
  -7.405514      -0.006901
  -7.373789       0.006555
  -7.342064      -0.001152
  -7.310339       0.001555
  -7.278614      -0.003043
  -7.246889       0.007156
  -7.215164       0.002418
  -7.183440      -0.006309
  -7.151715      -0.011687
  -7.119990      -0.007466
  -7.088265      -0.008266
  -7.056540      -0.008382
  -7.024815      -0.008858
  -6.993090      -0.001650
  -6.961365      -0.006027
  -6.929640      -0.005054
  -6.897915      -0.001082
  -6.866190       0.004036
  -6.834466       0.002585
  -6.802741       0.000796
  -6.771016      -0.011278
  -6.739291       0.008259
  -6.707566      -0.001120
  -6.675841       0.001074
  -6.644116      -0.006044
  -6.612391       0.008747
  -6.580666      -0.006374
  -6.548941      -0.009093
  -6.517216      -0.010995
  -6.485492       0.001407
  -6.453767      -0.000965
  -6.422042      -0.005966
  -6.390317      -0.003580
  -6.358592       0.002687
  -6.326867      -0.001258
  -6.295142       0.003960
  -6.263417      -0.004220
  -6.231692       0.000642
  -6.199967      -0.000191
  -6.168242       0.000260
  -6.136517      -0.004465
  -6.104793       0.004882
  -6.073068      -0.000953
  -6.041343      -0.007476
  -6.009618      -0.015451
  -5.977893      -0.002320
  -5.946168      -0.000790
  -5.914443      -0.000519
  -5.882718      -0.006972
  -5.850993       0.014577
  -5.819268       0.007693
  -5.787543       0.004695
  -5.755819      -0.001776
  -5.724094       0.010215
  -5.692369      -0.001347
  -5.660644      -0.004408
  -5.628919      -0.012972
  -5.597194       0.002803
  -5.565469      -0.002471
  -5.533744      -0.001560
  -5.502019      -0.008920
  -5.470294       0.005704
  -5.438569       0.005886
  -5.406845       0.010377
  -5.375120      -0.004584
  -5.343395       0.000005
  -5.311670       0.006127
  -5.279945      -0.002977
  -5.248220       0.000971
  -5.216495       0.012970
  -5.184770       0.004263
  -5.153045       0.001597
  -5.121320      -0.008444
  -5.089595       0.001105
  -5.057871      -0.005394
  -5.026146       0.000508
  -4.994421      -0.007060
  -4.962696       0.013374
  -4.930971       0.001915
  -4.899246       0.002955
  -4.867521      -0.006907
  -4.835796       0.001786
  -4.804071      -0.004064
  -4.772346      -0.008912
  -4.740621      -0.006038
  -4.708896       0.004020
  -4.677172      -0.000265
  -4.645447       0.000258
  -4.613722      -0.007486
  -4.581997       0.003575
  -4.550272       0.001191
  -4.518547       0.001123
  -4.486822      -0.007552
  -4.455097       0.009659
  -4.423372       0.001519
  -4.391647      -0.003487
  -4.359922      -0.007034
  -4.328198       0.006371
  -4.296473       0.010298
  -4.264748       0.003444
  -4.233023      -0.005819
  -4.201298      -0.002125
  -4.169573      -0.002474
  -4.137848       0.005382
  -4.106123       0.003916
  -4.074398       0.010824
  -4.042673       0.005854
  -4.010948       0.001383
  -3.979224      -0.006449
  -3.947499       0.006210
  -3.915774      -0.007840
  -3.884049       0.006056
  -3.852324      -0.001620
  -3.820599       0.011429
  -3.788874      -0.001144
  -3.757149       0.007186
  -3.725424      -0.000255
  -3.693699       0.006914
  -3.661974      -0.007572
  -3.630250      -0.018109
  -3.598525      -0.018482
  -3.566800      -0.000695
  -3.535075      -0.012116
  -3.503350      -0.006112
  -3.471625      -0.005466
  -3.439900      -0.001592
  -3.408175      -0.001086
  -3.376450      -0.000303
  -3.344725      -0.004262
  -3.313000       0.005503
  -3.281275       0.005895
  -3.249551       0.002049
  -3.217826      -0.003911
  -3.186101      -0.000738
  -3.154376      -0.006656
  -3.122651      -0.003646
  -3.090926      -0.000263
  -3.059201       0.003812
  -3.027476      -0.005201
  -2.995751      -0.003602
  -2.964026      -0.010603
  -2.932301      -0.000060
  -2.900577      -0.007972
  -2.868852      -0.010618
  -2.837127      -0.015003
  -2.805402      -0.003864
  -2.773677      -0.009495
  -2.741952      -0.007980
  -2.710227      -0.012671
  -2.678502       0.003160
  -2.646777      -0.000537
  -2.615052      -0.003699
  -2.583327      -0.003821
  -2.551603       0.009655
  -2.519878       0.003028
  -2.488153      -0.002851
  -2.456428      -0.010713
  -2.424703       0.010419
  -2.392978      -0.001978
  -2.361253      -0.008319
  -2.329528      -0.012611
  -2.297803       0.001073
  -2.266078      -0.007271
  -2.234353      -0.007074
  -2.202629      -0.012566
  -2.170904       0.006714
  -2.139179       0.004664
  -2.107454      -0.002156
  -2.075729      -0.006902
  -2.044004       0.018579
  -2.012279       0.007443
  -1.980554       0.008326
  -1.948829      -0.000072
  -1.917104       0.014937
  -1.885379       0.003757
  -1.853654      -0.000003
  -1.821930      -0.012144
  -1.790205       0.002978
  -1.758480      -0.007727
  -1.726755      -0.004557
  -1.695030      -0.007535
  -1.663305       0.002796
  -1.631580      -0.002857
  -1.599855      -0.006875
  -1.568130      -0.007490
  -1.536405       0.012127
  -1.504680       0.004902
  -1.472956      -0.000406
  -1.441231      -0.006378
  -1.409506       0.014105
  -1.377781       0.012555
  -1.346056       0.012554
  -1.314331       0.011711
  -1.282606       0.014395
  -1.250881       0.010215
  -1.219156       0.002444
  -1.187431      -0.005527
  -1.155706       0.000854
  -1.123982      -0.001287
  -1.092257       0.000864
  -1.060532      -0.005554
  -1.028807       0.001881
  -0.997082      -0.002741
  -0.965357       0.001433
  -0.933632       0.003152
  -0.901907       0.017959
  -0.870182       0.008327
  -0.838457       0.008085
  -0.806732       0.005521
  -0.775007       0.016886
  -0.743283       0.013627
  -0.711558       0.007188
  -0.679833      -0.000128
  -0.648108       0.007736
  -0.616383      -0.003353
  -0.584658       0.007300
  -0.552933      -0.006414
  -0.521208       0.002171
  -0.489483       0.001827
  -0.457758       0.007356
  -0.426033       0.002863
  -0.394309       0.017684
  -0.362584       0.002926
  -0.330859       0.010320
  -0.299134       0.008382
  -0.267409       0.034381
  -0.235684       0.039593
  -0.203959       0.079918
  -0.172234       0.147739
  -0.140509       0.277108
  -0.108784       0.411432
  -0.077059       0.564120
  -0.045335       0.695368
  -0.013610       0.809481
   0.018115       0.768539
   0.049840       0.665040
   0.081565       0.507902
   0.113290       0.377674
   0.145015       0.269790
   0.176740       0.185463
   0.208465       0.111227
   0.240190       0.090196
   0.271915       0.078163
   0.303639       0.063584
   0.335364       0.051359
   0.367089       0.070277
   0.398814       0.067549
   0.430539       0.066508
   0.462264       0.084504
   0.493989       0.107335
   0.525714       0.134869
   0.557439       0.155769
   0.589164       0.169137
   0.620889       0.202411
   0.652614       0.248309
   0.684338       0.303448
   0.716063       0.330002
   0.747788       0.387184
   0.779513       0.442098
   0.811238       0.529062
   0.842963       0.620803
   0.874688       0.713821
   0.906413       0.784189
   0.938138       0.884063
   0.969863       0.974173
   1.001588       1.000000
   1.033312       0.953636
   1.065037       0.921497
   1.096762       0.879196
   1.128487       0.795015
   1.160212       0.693898
   1.191937       0.591130
   1.223662       0.493318
   1.255387       0.417091
   1.287112       0.351460
   1.318837       0.309540
   1.350562       0.270056
   1.382286       0.261252
   1.414011       0.244544
   1.445736       0.248876
   1.477461       0.250790
   1.509186       0.270886
   1.540911       0.255278
   1.572636       0.262051
   1.604361       0.268139
   1.636086       0.272763
   1.667811       0.251057
   1.699536       0.246167
   1.731260       0.224799
   1.762985       0.230449
   1.794710       0.207979
   1.826435       0.187452
   1.858160       0.158854
   1.889885       0.157575
   1.921610       0.147975
   1.953335       0.121008
   1.985060       0.111808
   2.016785       0.114291
   2.048510       0.092742
   2.080235       0.082848
   2.111959       0.078858
   2.143684       0.093896
   2.175409       0.077497
   2.207134       0.074102
   2.238859       0.071477
   2.270584       0.094539
   2.302309       0.088033
   2.334034       0.082177
   2.365759       0.078328
   2.397484       0.093838
   2.429209       0.102242
   2.460933       0.115240
   2.492658       0.112934
   2.524383       0.134204
   2.556108       0.129702
   2.587833       0.126894
   2.619558       0.122019
   2.651283       0.136052
   2.683008       0.136932
   2.714733       0.125955
   2.746458       0.111095
   2.778183       0.110646
   2.809907       0.115907
   2.841632       0.127253
   2.873357       0.111491
   2.905082       0.130679
   2.936807       0.124056
   2.968532       0.116180
   3.000257       0.111740
   3.031982       0.113498
   3.063707       0.099039
   3.095432       0.088839
   3.127157       0.075162
   3.158881       0.077711
   3.190606       0.074911
   3.222331       0.058420
   3.254056       0.041113
   3.285781       0.051433
   3.317506       0.047801
   3.349231       0.048449
   3.380956       0.034024
   3.412681       0.051605
   3.444406       0.044460
   3.476131       0.045925
   3.507856       0.040719
   3.539580       0.051136
   3.571305       0.042084
   3.603030       0.040057
   3.634755       0.040986
   3.666480       0.042709
   3.698205       0.036628
   3.729930       0.030577
   3.761655       0.028740
   3.793380       0.046720
   3.825105       0.032823
   3.856830       0.030168
   3.888554       0.020529
   3.920279       0.037892
   3.952004       0.035448
   3.983729       0.034800
   4.015454       0.038749
   4.047179       0.048708
   4.078904       0.052614
   4.110629       0.040993
   4.142354       0.032060
   4.174079       0.045692
   4.205804       0.043094
   4.237528       0.037951
   4.269253       0.029897
   4.300978       0.037967
   4.332703       0.038987
   4.364428       0.036255
   4.396153       0.025820
   4.427878       0.032858
   4.459603       0.024428
   4.491328       0.027015
   4.523053       0.028700
   4.554778       0.037787
   4.586502       0.033809
   4.618227       0.016886
   4.649952       0.023095
   4.681677       0.042604
   4.713402       0.037754
   4.745127       0.030126
   4.776852       0.016927
   4.808577       0.027551
   4.840302       0.021878
   4.872027       0.019419
   4.903752       0.021251
   4.935477       0.031332
   4.967201       0.023287
   4.998926       0.024753
   5.030651       0.020621
   5.062376       0.036567
   5.094101       0.034991
   5.125826       0.034716
   5.157551       0.026808
   5.189276       0.034824
   5.221001       0.025792
   5.252726       0.024041
   5.284451       0.019539
   5.316175       0.029185
   5.347900       0.029076
   5.379625       0.025203
   5.411350       0.019042
   5.443075       0.039658
   5.474800       0.033452
   5.506525       0.027930
   5.538250       0.024447
   5.569975       0.034167
   5.601700       0.020517
   5.633425       0.016448
   5.665149       0.011263
   5.696874       0.026226
   5.728599       0.023904
   5.760324       0.017744
   5.792049       0.010122
   5.823774       0.030801
   5.855499       0.024481
   5.887224       0.026070
   5.918949       0.022781
   5.950674       0.039792
   5.982399       0.032817
   6.014123       0.024388
   6.045848       0.017663
   6.077573       0.031778
   6.109298       0.023353
   6.141023       0.018316
   6.172748       0.015484
   6.204473       0.028476
   6.236198       0.020995
   6.267923       0.022873
   6.299648       0.015147
   6.331373       0.029601
   6.363098       0.024153
   6.394822       0.023973
   6.426547       0.017561
   6.458272       0.030880
   6.489997       0.027293
   6.521722       0.020565
   6.553447       0.013759
   6.585172       0.025921
   6.616897       0.014731
   6.648622       0.014212
   6.680347       0.008862
   6.712072       0.020888
   6.743796       0.007345
   6.775521       0.011917
   6.807246       0.016757
   6.838971       0.025663
   6.870696       0.020577
   6.902421       0.028177
   6.934146       0.025066
   6.965871       0.038276
   6.997596       0.018035
   7.029321       0.020562
   7.061046       0.012707
   7.092770       0.031769
   7.124495       0.025818
   7.156220       0.016519
   7.187945       0.009458
   7.219670       0.016574
   7.251395       0.017205
   7.283120       0.021607
   7.314845       0.025959
   7.346570       0.034585
   7.378295       0.026547
   7.410020       0.028108
   7.441744       0.023785
   7.473469       0.035122
   7.505194       0.030069
   7.536919       0.025836
   7.568644       0.020069
   7.600369       0.029017
   7.632094       0.024835
   7.663819       0.020508
   7.695544       0.009610
   7.727269       0.021977
   7.758994       0.011731
   7.790719       0.006243
   7.822443       0.011153
   7.854168       0.020514
   7.885893       0.017430
   7.917618       0.016522
   7.949343       0.013721
   7.981068       0.029056
   8.012793       0.027381
   8.044518       0.014536
   8.076243       0.017354
   8.107968       0.025864
   8.139693       0.019927
   8.171417       0.015696
   8.203142       0.013612
   8.234867       0.020258
   8.266592       0.017660
   8.298317       0.019420
   8.330042       0.009632
   8.361767       0.020726
   8.393492       0.016118
   8.425217       0.015979
   8.456942       0.009100
   8.488667       0.015410
   8.520391       0.009710
   8.552116       0.011003
   8.583841       0.005273
   8.615566       0.020672
   8.647291       0.011827
   8.679016       0.014904
   8.710741       0.013333
   8.742466       0.019297
   8.774191       0.010125
   8.805916       0.004726
   8.837641       0.013124
   8.869365       0.020337
   8.901090       0.020926
   8.932815       0.030092
   8.964540       0.013516
   8.996265       0.019468
   9.027990       0.027093
   9.059715       0.017748
   9.091440       0.007797
   9.123165       0.016445
   9.154890       0.013176
   9.186615       0.001938
   9.218340       0.003972
   9.250064       0.010649
   9.281789       0.003803
   9.313514       0.002847
   9.345239       0.010051
   9.376964       0.016827
   9.408689       0.006953
   9.440414       0.003008
   9.472139       0.011295
   9.503864       0.019022
   9.535589       0.016351
   9.567314       0.015288
   9.599038       0.010499
   9.630763       0.018845
   9.662488       0.010972
   9.694213       0.011397
   9.725938       0.000480
   9.757663       0.004855
   9.789388       0.010355
   9.821113       0.011504
   9.852838       0.011178
   9.884563       0.018027
   9.916288       0.020266
   9.948012       0.013882
   9.979737       0.009315
  10.011462       0.015317
  10.043187       0.010063
  10.074912       0.009652
  10.106637       0.002663
  10.138362       0.023202
  10.170087       0.017673
  10.201812       0.007035
  10.233537      -0.003290
  10.265262       0.011754
  10.296986       0.008595
  10.328711       0.002318
  10.360436      -0.003971
  10.392161       0.010644
  10.423886       0.014505
  10.455611       0.012038
  10.487336       0.007670
  10.519061       0.016152
  10.550786       0.004856
  10.582511       0.003591
  10.614236       0.002134
  10.645961       0.010476
  10.677685      -0.001161
  10.709410      -0.002576
  10.741135      -0.007180
  10.772860       0.008957
  10.804585       0.004321
  10.836310       0.010270
  10.868035       0.003013
  10.899760       0.014927
  10.931485       0.011982
  10.963210       0.003428
  10.994935       0.007505
  11.026659       0.017765
  11.058384       0.011160
  11.090109       0.002757
  11.121834      -0.002907
  11.153559       0.001605
  11.185284      -0.004811
  11.217009      -0.004988
  11.248734      -0.011799
  11.280459       0.003906
  11.312184      -0.004684
  11.343909      -0.001430
  11.375633      -0.005094
  11.407358       0.010841
  11.439083       0.002305
  11.470808       0.003788
  11.502533      -0.000824
  11.534258       0.007086
  11.565983      -0.003962
  11.597708      -0.000188
  11.629433      -0.014765
  11.661158      -0.001646
  11.692883      -0.005507
  11.724607      -0.007781
  11.756332      -0.016822
  11.788057       0.000351
  11.819782      -0.002699
  11.851507       0.000757
  11.883232       0.006405
  11.914957       0.009302
  11.946682      -0.002968
  11.978407       0.000510
  12.010132      -0.011105
  12.041857       0.001681
  12.073582       0.003635
  12.105306      -0.002383
  12.137031      -0.001459
  12.168756       0.007578
  12.200481      -0.003401
  12.232206      -0.006070
  12.263931      -0.002073
  12.295656       0.012822
  12.327381       0.006236
  12.359106       0.006840
  12.390831      -0.000677
  12.422556       0.016188
  12.454280       0.002815
  12.486005      -0.000071
  12.517730       0.001249
  12.549455       0.005783
  12.581180      -0.006012
  12.612905      -0.011214
  12.644630      -0.016488
  12.676355      -0.001122
  12.708080       0.000592
  12.739805      -0.003783
  12.771530      -0.008641
  12.803254       0.009269
  12.834979       0.008063
  12.866704       0.010207
  12.898429      -0.000938
  12.930154       0.006481
  12.961879       0.003461
  12.993604       0.005232
  13.025329      -0.004198
  13.057054       0.010074
  13.088779       0.004231
  13.120504      -0.001750
  13.152228      -0.017454
  13.183953       0.001814
  13.215678      -0.002095
  13.247403      -0.006419
  13.279128      -0.011374
  13.310853       0.007037
  13.342578       0.003553
  13.374303       0.005322
  13.406028       0.003850
  13.437753       0.010325
  13.469478       0.000328
  13.501203      -0.002050
  13.532927      -0.014727
  13.564652       0.001832
  13.596377      -0.001372
  13.628102      -0.003798
  13.659827      -0.007978
  13.691552       0.005842
  13.723277      -0.001075
  13.755002      -0.004115
  13.786727      -0.001308
  13.818452       0.010138
  13.850177       0.007624
  13.881901       0.005255
  13.913626       0.004954
  13.945351       0.011796
  13.977076       0.005207
  14.008801      -0.000473
  14.040526      -0.006349
  14.072251       0.009162
  14.103976      -0.001993
  14.135701      -0.005442
  14.167426      -0.007158
  14.199151       0.011949
  14.230875      -0.004673
  14.262600       0.007481
  14.294325      -0.007371
  14.326050       0.004389
  14.357775       0.002955
  14.389500      -0.000925
  14.421225      -0.004468
  14.452950       0.010185
  14.484675      -0.002207
  14.516400       0.001075
  14.548125       0.001285
  14.579849       0.009616
  14.611574       0.002092
  14.643299       0.001406
  14.675024       0.002473
  14.706749       0.001683
  14.738474      -0.002193
  14.770199       0.007981
  14.801924       0.004544
  14.833649       0.014030
  14.865374       0.000537
  14.897099       0.005478
  14.928824      -0.003544
  14.960548       0.004274
  14.992273       0.006573
  15.023998      -0.000386
  15.055723      -0.008273
  15.087448       0.011541
  15.119173       0.005021
  15.150898       0.005593
  15.182623      -0.000791
  15.214348       0.004217
  15.246073      -0.003964
  15.277798      -0.008054
  15.309522      -0.008353
  15.341247      -0.004298
  15.372972      -0.005073
  15.404697      -0.007422
  15.436422      -0.012960
  15.468147       0.007151
  15.499872       0.004796
  15.531597       0.002488
  15.563322      -0.001275
  15.595047       0.009422
  15.626772       0.000664
  15.658496      -0.002445
  15.690221      -0.008012
  15.721946       0.006463
  15.753671      -0.004667
  15.785396      -0.010305
  15.817121      -0.010942
  15.848846       0.001462
  15.880571      -0.000686
  15.912296       0.002478
  15.944021      -0.002733
  15.975746       0.017598
  16.007470       0.008538
  16.039195      -0.001160
  16.070920      -0.010090
  16.102645       0.002145
  16.134370       0.001216
  16.166095       0.006116
  16.197820      -0.003988
  16.229545       0.004438
  16.261270      -0.006578
  16.292995      -0.007873
  16.324720      -0.009002
  16.356445       0.009760
  16.388169       0.001396
  16.419894       0.000698
  16.451619       0.000722
  16.483344       0.011595
  16.515069       0.002460
  16.546794      -0.000757
  16.578519      -0.011058
  16.610244       0.008325
  16.641969       0.002116
  16.673694      -0.004054
  16.705419      -0.007695
  16.737143       0.001590
  16.768868      -0.007879
  16.800593      -0.007637
  16.832318      -0.007173
  16.864043       0.007055
  16.895768      -0.000290
  16.927493       0.002560
  16.959218       0.002281
  16.990943       0.010057
  17.022668      -0.002464
  17.054393      -0.010768
  17.086117      -0.007767
  17.117842      -0.002826
  17.149567      -0.014799
  17.181292      -0.009277
  17.213017      -0.013589
  17.244742       0.005710
  17.276467      -0.005679
  17.308192       0.003139
  17.339917      -0.006333
  17.371642       0.004521
  17.403367       0.005628
  17.435091      -0.005571
  17.466816      -0.008588
  17.498541       0.010277
  17.530266       0.002957
  17.561991      -0.006495
  17.593716      -0.010356
  17.625441      -0.001074
  17.657166      -0.008905
  17.688891      -0.008149
  17.720616      -0.007229
  17.752341       0.003396
  17.784066      -0.002219
  17.815790      -0.002114
  17.847515      -0.004179
  17.879240       0.005201
  17.910965      -0.003773
  17.942690       0.000877
  17.974415      -0.005763
  18.006140       0.013730
  18.037865       0.006430
  18.069590      -0.000246
  18.101315      -0.001730
  18.133040       0.009588
  18.164764      -0.004393
  18.196489      -0.002087
  18.228214      -0.007540
  18.259939       0.006102
  18.291664       0.000461
  18.323389      -0.003491
  18.355114      -0.009073
  18.386839       0.003292
  18.418564      -0.002491
  18.450289       0.001944
  18.482014      -0.001902
  18.513738       0.009411
  18.545463       0.003583
  18.577188      -0.003482
  18.608913      -0.006557
  18.640638       0.004833
  18.672363      -0.004460
  18.704088      -0.006795
  18.735813      -0.006296
  18.767538       0.013109
  18.799263       0.002406
  18.830988       0.000895
  18.862712       0.005891
  18.894437       0.016247
  18.926162       0.019979
  18.957887       0.009429
  18.989612       0.001671
  19.021337       0.003782
  19.053062       0.001703
  19.084787      -0.000986
  19.116512      -0.006029
  19.148237       0.007353
  19.179962       0.005620
  19.211687       0.006695
  19.243411      -0.003587
  19.275136       0.011032
  19.306861       0.002287
  19.338586      -0.004647
  19.370311      -0.007577
  19.402036       0.008594
  19.433761      -0.001818
  19.465486       0.000970
  19.497211      -0.002246
  19.528936       0.008218
  19.560661       0.002670
  19.592385       0.001774
  19.624110       0.001999
  19.655835       0.018445
  19.687560       0.005904
  19.719285       0.004904
  19.751010      -0.000162
  19.782735       0.005178
  19.814460       0.000010
  19.846185      -0.001491
  19.877910      -0.006296
  19.909635       0.003298
  19.941359       0.005621
  19.973084       0.001076
  20.004809       0.001758
  20.036534       0.004337
  20.068259      -0.004028
  20.099984      -0.003607
  20.131709      -0.009144
  20.163434      -0.002582
  20.195159      -0.006976
  20.226884      -0.005662
  20.258609      -0.006415
  20.290333       0.002475
  20.322058      -0.000830
  20.353783      -0.003924
  20.385508      -0.007291
  20.417233       0.006811
  20.448958       0.006707
  20.480683      -0.001529
  20.512408      -0.016390
  20.544133       0.000743
  20.575858      -0.001376
  20.607583      -0.006548
  20.639308      -0.006493
  20.671032       0.008927
  20.702757       0.002866
  20.734482       0.002142
  20.766207      -0.006239
  20.797932       0.002049
  20.829657      -0.002135
  20.861382      -0.003494
  20.893107      -0.013523
  20.924832      -0.004145
  20.956557      -0.015298
  20.988282      -0.014160
  21.020006      -0.014472
  21.051731      -0.000955
  21.083456      -0.006575
  21.115181      -0.006517
  21.146906      -0.014421
  21.178631       0.002986
  21.210356       0.000683
  21.242081      -0.001097
  21.273806      -0.003604
  21.305531       0.010000
  21.337256      -0.003013
  21.368980      -0.006725
  21.400705      -0.008255
  21.432430       0.002051
  21.464155      -0.008914
  21.495880      -0.006046
  21.527605      -0.008214
  21.559330       0.002426
  21.591055       0.000928
  21.622780       0.001099
  21.654505      -0.008698
  21.686230       0.004385
  21.717954       0.004948
  21.749679       0.001372
  21.781404      -0.003821
  21.813129       0.014432
  21.844854       0.005164
  21.876579       0.004623
  21.908304      -0.008412
  21.940029       0.002296
  21.971754      -0.002137
  22.003479      -0.007612
  22.035204      -0.014387
  22.066929       0.001139
  22.098653      -0.006213
  22.130378      -0.008611
  22.162103      -0.012856
  22.193828       0.002220
  22.225553      -0.002183
  22.257278       0.001435
  22.289003      -0.000677
  22.320728       0.006049
  22.352453      -0.001863
  22.384178      -0.000705
  22.415903      -0.009098
  22.447627       0.001521
  22.479352      -0.004835
  22.511077       0.001014
  22.542802      -0.004951
  22.574527      -0.003055
  22.606252      -0.012554
  22.637977      -0.008152
  22.669702      -0.012661
  22.701427      -0.001366
  22.733152      -0.004989
  22.764877      -0.000007
  22.796601      -0.009508
  22.828326       0.000625
  22.860051      -0.002201
  22.891776       0.000160
  22.923501      -0.006068
  22.955226       0.010588
  22.986951      -0.000516
  23.018676      -0.002274
  23.050401      -0.009360
  23.082126      -0.000299
  23.113851      -0.007283
  23.145576      -0.001543
  23.177300      -0.004867
  23.209025       0.007987
  23.240750       0.002785
  23.272475       0.000805
  23.304200      -0.008606
  23.335925       0.004463
  23.367650      -0.001686
  23.399375      -0.004185
  23.431100      -0.012461
  23.462825      -0.003442
  23.494550       0.005703
  23.526274      -0.001744
  23.557999      -0.010231
  23.589724       0.005504
  23.621449      -0.011587
  23.653174      -0.007649
  23.684899      -0.012150
  23.716624       0.001410
  23.748349      -0.009723
  23.780074       0.000566
  23.811799      -0.011752
  23.843524       0.006621
  23.875248       0.003518
  23.906973       0.002854
  23.938698      -0.011869
  23.970423       0.005561
  24.002148      -0.006696
  24.033873      -0.005320
  24.065598      -0.007212
  24.097323       0.004144
  24.129048      -0.009352
  24.160773      -0.007500
  24.192498      -0.011123
  24.224222       0.000510
  24.255947      -0.006561
  24.287672      -0.001056
  24.319397      -0.007485
  24.351122       0.001503
  24.382847      -0.002688
  24.414572      -0.001506
  24.446297      -0.012202
  24.478022       0.003239
  24.509747      -0.006583
  24.541472      -0.003951
  24.573197      -0.019195
  24.604921      -0.003176
  24.636646      -0.001518
  24.668371      -0.007326
  24.700096      -0.005878
  24.731821       0.001225
  24.763546      -0.004546
  24.795271      -0.006304
  24.826996      -0.008475
  24.858721      -0.003660
  24.890446      -0.001431
  24.922171      -0.008148
  24.953895      -0.014893
  24.985620      -0.004381
  25.017345      -0.009094
  25.049070      -0.008720
  25.080795      -0.016644
  25.112520      -0.004693
  25.144245      -0.009483
  25.175970      -0.001986
  25.207695      -0.003677
  25.239420       0.006293
  25.271145      -0.009305
  25.302869       0.001394
  25.334594       0.002005
  25.366319       0.008238
  25.398044       0.010713
  25.429769       0.002769
  25.461494      -0.004492
  25.493219       0.006095
  25.524944      -0.008981
  25.556669      -0.008708
  25.588394      -0.013614
  25.620119       0.003457
  25.651843      -0.004901
  25.683568      -0.006402
  25.715293       0.001097
  25.747018       0.016373
  25.778743       0.006188
  25.810468      -0.000840
  25.842193      -0.004559
  25.873918       0.001673
  25.905643      -0.006121
  25.937368      -0.005936
  25.969093      -0.017243
  26.000818      -0.006662
  26.032542      -0.011827
  26.064267      -0.008942
  26.095992      -0.001083
  26.127717       0.012181
  26.159442       0.008828
  26.191167       0.007250
  26.222892      -0.001666
  26.254617       0.009797
  26.286342      -0.000481
  26.318067      -0.005228
  26.349792      -0.008421
  26.381516       0.011195
  26.413241      -0.002408
  26.444966      -0.007707
  26.476691      -0.008257
  26.508416       0.002102
  26.540141      -0.005418
  26.571866       0.000084
  26.603591      -0.006500
  26.635316       0.012976
  26.667041       0.005672
  26.698766       0.000374
  26.730490      -0.005167
  26.762215      -0.001473
  26.793940       0.003955
  26.825665      -0.003531
  26.857390      -0.004370
  26.889115       0.005630
  26.920840       0.000919
  26.952565      -0.000244
  26.984290      -0.017073
  27.016015      -0.037363
  27.047740      -0.057484