 Eloss (eV)  Int/Int(10Dq)
  -0.500000       0.025929
  -0.492492       0.026465
  -0.484985       0.027022
  -0.477477       0.027600
  -0.469970       0.028201
  -0.462462       0.028826
  -0.454955       0.029476
  -0.447447       0.030153
  -0.439940       0.030858
  -0.432432       0.031593
  -0.424925       0.032360
  -0.417417       0.033161
  -0.409910       0.033998
  -0.402402       0.034873
  -0.394895       0.035789
  -0.387387       0.036748
  -0.379880       0.037753
  -0.372372       0.038807
  -0.364865       0.039914
  -0.357357       0.041077
  -0.349850       0.042300
  -0.342342       0.043587
  -0.334835       0.044944
  -0.327327       0.046374
  -0.319820       0.047884
  -0.312312       0.049479
  -0.304805       0.051166
  -0.297297       0.052952
  -0.289790       0.054845
  -0.282282       0.056854
  -0.274775       0.058986
  -0.267267       0.061253
  -0.259760       0.063666
  -0.252252       0.066236
  -0.244745       0.068977
  -0.237237       0.071903
  -0.229730       0.075030
  -0.222222       0.078374
  -0.214715       0.081954
  -0.207207       0.085791
  -0.199700       0.089905
  -0.192192       0.094319
  -0.184685       0.099059
  -0.177177       0.104151
  -0.169670       0.109621
  -0.162162       0.115499
  -0.154655       0.121813
  -0.147147       0.128591
  -0.139640       0.135860
  -0.132132       0.143645
  -0.124625       0.151963
  -0.117117       0.160828
  -0.109610       0.170239
  -0.102102       0.180184
  -0.094595       0.190630
  -0.087087       0.201519
  -0.079580       0.212766
  -0.072072       0.224248
  -0.064565       0.235802
  -0.057057       0.247224
  -0.049550       0.258268
  -0.042042       0.268651
  -0.034535       0.278066
  -0.027027       0.286199
  -0.019520       0.292748
  -0.012012       0.297453
  -0.004505       0.300120
   0.003003       0.300641
   0.010511       0.299005
   0.018018       0.295303
   0.025526       0.289713
   0.033033       0.282483
   0.040541       0.273910
   0.048048       0.264308
   0.055556       0.253987
   0.063063       0.243236
   0.070571       0.232311
   0.078078       0.221423
   0.085586       0.210745
   0.093093       0.200407
   0.100601       0.190503
   0.108108       0.181096
   0.115616       0.172223
   0.123123       0.163903
   0.130631       0.156135
   0.138138       0.148913
   0.145646       0.142217
   0.153153       0.136026
   0.160661       0.130313
   0.168168       0.125052
   0.175676       0.120213
   0.183183       0.115769
   0.190691       0.111694
   0.198198       0.107960
   0.205706       0.104545
   0.213213       0.101424
   0.220721       0.098577
   0.228228       0.095985
   0.235736       0.093628
   0.243243       0.091492
   0.250751       0.089560
   0.258258       0.087818
   0.265766       0.086256
   0.273273       0.084860
   0.280781       0.083622
   0.288288       0.082531
   0.295796       0.081579
   0.303303       0.080759
   0.310811       0.080065
   0.318318       0.079489
   0.325826       0.079027
   0.333333       0.078675
   0.340841       0.078427
   0.348348       0.078281
   0.355856       0.078233
   0.363363       0.078280
   0.370871       0.078421
   0.378378       0.078654
   0.385886       0.078977
   0.393393       0.079389
   0.400901       0.079890
   0.408408       0.080479
   0.415916       0.081157
   0.423423       0.081923
   0.430931       0.082779
   0.438438       0.083726
   0.445946       0.084765
   0.453453       0.085898
   0.460961       0.087127
   0.468468       0.088454
   0.475976       0.089884
   0.483483       0.091417
   0.490991       0.093060
   0.498498       0.094815
   0.506006       0.096688
   0.513514       0.098683
   0.521021       0.100807
   0.528529       0.103064
   0.536036       0.105463
   0.543544       0.108011
   0.551051       0.110716
   0.558559       0.113587
   0.566066       0.116633
   0.573574       0.119866
   0.581081       0.123297
   0.588589       0.126939
   0.596096       0.130805
   0.603604       0.134912
   0.611111       0.139275
   0.618619       0.143912
   0.626126       0.148844
   0.633634       0.154090
   0.641141       0.159675
   0.648649       0.165624
   0.656156       0.171964
   0.663664       0.178724
   0.671171       0.185936
   0.678679       0.193634
   0.686186       0.201855
   0.693694       0.210638
   0.701201       0.220022
   0.708709       0.230052
   0.716216       0.240770
   0.723724       0.252222
   0.731231       0.264451
   0.738739       0.277499
   0.746246       0.291406
   0.753754       0.306204
   0.761261       0.321918
   0.768769       0.338562
   0.776276       0.356135
   0.783784       0.374619
   0.791291       0.393978
   0.798799       0.414155
   0.806306       0.435075
   0.813814       0.456645
   0.821321       0.478764
   0.828829       0.501328
   0.836336       0.524240
   0.843844       0.547423
   0.851351       0.570821
   0.858859       0.594406
   0.866366       0.618170
   0.873874       0.642118
   0.881381       0.666253
   0.888889       0.690555
   0.896396       0.714972
   0.903904       0.739402
   0.911411       0.763697
   0.918919       0.787663
   0.926426       0.811079
   0.933934       0.833713
   0.941441       0.855350
   0.948949       0.875808
   0.956456       0.894953
   0.963964       0.912703
   0.971471       0.929017
   0.978979       0.943874
   0.986486       0.957255
   0.993994       0.969110
   1.001502       0.979341
   1.009009       0.987789
   1.016517       0.994234
   1.024024       0.998405
   1.031532       1.000000
   1.039039       0.998709
   1.046547       0.994245
   1.054054       0.986366
   1.061562       0.974909
   1.069069       0.959807
   1.076577       0.941108
   1.084084       0.918983
   1.091592       0.893725
   1.099099       0.865736
   1.106607       0.835507
   1.114114       0.803582
   1.121622       0.770532
   1.129129       0.736914
   1.136637       0.703250
   1.144144       0.670000
   1.151652       0.637553
   1.159159       0.606220
   1.166667       0.576235
   1.174174       0.547763
   1.181682       0.520903
   1.189189       0.495707
   1.196697       0.472179
   1.204204       0.450295
   1.211712       0.430002
   1.219219       0.411229
   1.226727       0.393895
   1.234234       0.377910
   1.241742       0.363178
   1.249249       0.349607
   1.256757       0.337107
   1.264264       0.325592
   1.271772       0.314988
   1.279279       0.305228
   1.286787       0.296259
   1.294294       0.288037
   1.301802       0.280529
   1.309309       0.273712
   1.316817       0.267570
   1.324324       0.262092
   1.331832       0.257271
   1.339339       0.253105
   1.346847       0.249591
   1.354354       0.246728
   1.361862       0.244514
   1.369369       0.242951
   1.376877       0.242035
   1.384384       0.241766
   1.391892       0.242138
   1.399399       0.243145
   1.406907       0.244775
   1.414414       0.247011
   1.421922       0.249827
   1.429429       0.253187
   1.436937       0.257044
   1.444444       0.261333
   1.451952       0.265975
   1.459459       0.270876
   1.466967       0.275925
   1.474474       0.281000
   1.481982       0.285977
   1.489489       0.290736
   1.496997       0.295173
   1.504505       0.299209
   1.512012       0.302803
   1.519520       0.305959
   1.527027       0.308722
   1.534535       0.311184
   1.542042       0.313467
   1.549550       0.315720
   1.557057       0.318100
   1.564565       0.320764
   1.572072       0.323856
   1.579580       0.327500
   1.587087       0.331789
   1.594595       0.336783
   1.602102       0.342506
   1.609610       0.348942
   1.617117       0.356032
   1.624625       0.363678
   1.632132       0.371738
   1.639640       0.380032
   1.647147       0.388346
   1.654655       0.396437
   1.662162       0.404041
   1.669670       0.410885
   1.677177       0.416699
   1.684685       0.421227
   1.692192       0.424239
   1.699700       0.425543
   1.707207       0.424998
   1.714715       0.422519
   1.722222       0.418086
   1.729730       0.411745
   1.737237       0.403609
   1.744745       0.393851
   1.752252       0.382692
   1.759760       0.370392
   1.767267       0.357227
   1.774775       0.343480
   1.782282       0.329420
   1.789790       0.315294
   1.797297       0.301315
   1.804805       0.287661
   1.812312       0.274472
   1.819820       0.261854
   1.827327       0.249881
   1.834835       0.238598
   1.842342       0.228028
   1.849850       0.218178
   1.857357       0.209040
   1.864865       0.200594
   1.872372       0.192814
   1.879880       0.185669
   1.887387       0.179121
   1.894895       0.173134
   1.902402       0.167665
   1.909910       0.162673
   1.917417       0.158115
   1.924925       0.153948
   1.932432       0.150127
   1.939940       0.146611
   1.947447       0.143358
   1.954955       0.140329
   1.962462       0.137487
   1.969970       0.134796
   1.977477       0.132224
   1.984985       0.129740
   1.992492       0.127316
   2.000000       0.124929
   2.007508       0.122558
   2.015015       0.120187
   2.022523       0.117807
   2.030030       0.115414
   2.037538       0.113013
   2.045045       0.110612
   2.052553       0.108227
   2.060060       0.105875
   2.067568       0.103576
   2.075075       0.101349
   2.082583       0.099209
   2.090090       0.097173
   2.097598       0.095250
   2.105105       0.093449
   2.112613       0.091773
   2.120120       0.090224
   2.127628       0.088800
   2.135135       0.087497
   2.142643       0.086311
   2.150150       0.085235
   2.157658       0.084264
   2.165165       0.083394
   2.172673       0.082619
   2.180180       0.081938
   2.187688       0.081350
   2.195195       0.080857
   2.202703       0.080461
   2.210210       0.083413
   2.217718       0.086378
   2.225225       0.089347
   2.232733       0.092312
   2.240240       0.095262
   2.247748       0.098190
   2.255255       0.101088
   2.262763       0.103948
   2.270270       0.106764
   2.277778       0.109532
   2.285285       0.112246
   2.292793       0.114903
   2.300300       0.117499
   2.307808       0.120029
   2.315315       0.122492
   2.322823       0.124884
   2.330330       0.127202
   2.337838       0.129445
   2.345345       0.131612
   2.352853       0.133700
   2.360360       0.135710
   2.367868       0.137641
   2.375375       0.139495
   2.382883       0.141272
   2.390390       0.142973
   2.397898       0.144601
   2.405405       0.146157
   2.412913       0.147644
   2.420420       0.149064
   2.427928       0.150419
   2.435435       0.151713
   2.442943       0.152948
   2.450450       0.154127
   2.457958       0.155251
   2.465465       0.156324
   2.472973       0.157347
   2.480480       0.158324
   2.487988       0.159255
   2.495495       0.160144
   2.503003       0.160991
   2.510511       0.161800
   2.518018       0.162571
   2.525526       0.163306
   2.533033       0.164008
   2.540541       0.164677
   2.548048       0.165315
   2.555556       0.165924
   2.563063       0.166504
   2.570571       0.167057
   2.578078       0.167585
   2.585586       0.168087
   2.593093       0.168566
   2.600601       0.169022
   2.608108       0.169456
   2.615616       0.169869
   2.623123       0.170261
   2.630631       0.170633
   2.638138       0.170986
   2.645646       0.171320
   2.653153       0.171635
   2.660661       0.171932
   2.668168       0.172211
   2.675676       0.172472
   2.683183       0.172716
   2.690691       0.172943
   2.698198       0.173151
   2.705706       0.173343
   2.713213       0.173517
   2.720721       0.173675
   2.728228       0.173814
   2.735736       0.173937
   2.743243       0.174042
   2.750751       0.174130
   2.758258       0.174201
   2.765766       0.174254
   2.773273       0.174290
   2.780781       0.174309
   2.788288       0.174310
   2.795796       0.174294
   2.803303       0.174261
   2.810811       0.174211
   2.818318       0.174144
   2.825826       0.174060
   2.833333       0.173959
   2.840841       0.173842
   2.848348       0.173709
   2.855856       0.173560
   2.863363       0.173395
   2.870871       0.173214
   2.878378       0.173018
   2.885886       0.172808
   2.893393       0.172583
   2.900901       0.172343
   2.908408       0.172384
   2.915916       0.172423
   2.923423       0.172459
   2.930931       0.172492
   2.938438       0.172523
   2.945946       0.172550
   2.953453       0.172574
   2.960961       0.172595
   2.968468       0.172611
   2.975976       0.172624
   2.983483       0.172632
   2.990991       0.172636
   2.998498       0.172635
   3.006006       0.172629
   3.013514       0.172618
   3.021021       0.172602
   3.028529       0.172580
   3.036036       0.172552
   3.043544       0.172517
   3.051051       0.172477
   3.058559       0.172430
   3.066066       0.172377
   3.073574       0.172316
   3.081081       0.172249
   3.088589       0.172175
   3.096096       0.172093
   3.103604       0.172003
   3.111111       0.171906
   3.118619       0.171802
   3.126126       0.171689
   3.133634       0.171569
   3.141141       0.171441
   3.148649       0.171304
   3.156156       0.171159
   3.163664       0.171006
   3.171171       0.170845
   3.178679       0.170676
   3.186186       0.170498
   3.193694       0.170313
   3.201201       0.170118
   3.208709       0.169916
   3.216216       0.169706
   3.223724       0.169487
   3.231231       0.169261
   3.238739       0.169027
   3.246246       0.168785
   3.253754       0.168535
   3.261261       0.168278
   3.268769       0.168013
   3.276276       0.167742
   3.283784       0.167463
   3.291291       0.167178
   3.298799       0.166885
   3.306306       0.166587
   3.313814       0.166282
   3.321321       0.165971
   3.328829       0.165655
   3.336336       0.165333
   3.343844       0.165006
   3.351351       0.164674
   3.358859       0.164337
   3.366366       0.163996
   3.373874       0.163650
   3.381381       0.163301
   3.388889       0.162948
   3.396396       0.162592
   3.403904       0.162233
   3.411411       0.161870
   3.418919       0.161506
   3.426426       0.161139
   3.433934       0.160770
   3.441441       0.160399
   3.448949       0.160028
   3.456456       0.159654
   3.463964       0.159280
   3.471471       0.158906
   3.478979       0.158531
   3.486486       0.158155
   3.493994       0.157780
   3.501502       0.157405
   3.509009       0.157031
   3.516517       0.156657
   3.524024       0.156285
   3.531532       0.155913
   3.539039       0.155543
   3.546547       0.155174
   3.554054       0.154806
   3.561562       0.154441
   3.569069       0.154077
   3.576577       0.153715
   3.584084       0.153355
   3.591592       0.152998
   3.599099       0.152642
   3.606607       0.152289
   3.614114       0.151938
   3.621622       0.151590
   3.629129       0.151244
   3.636637       0.150901
   3.644144       0.150560
   3.651652       0.150221
   3.659159       0.149885
   3.666667       0.149551
   3.674174       0.149219
   3.681682       0.148890
   3.689189       0.148562
   3.696697       0.148237
   3.704204       0.147914
   3.711712       0.147592
   3.719219       0.147272
   3.726727       0.146954
   3.734234       0.146637
   3.741742       0.146322
   3.749249       0.146007
   3.756757       0.145694
   3.764264       0.145381
   3.771772       0.145068
   3.779279       0.144756
   3.786787       0.144444
   3.794294       0.144132
   3.801802       0.143820
   3.809309       0.143506
   3.816817       0.143192
   3.824324       0.142877
   3.831832       0.142561
   3.839339       0.142243
   3.846847       0.141923
   3.854354       0.141601
   3.861862       0.141277
   3.869369       0.140950
   3.876877       0.140620
   3.884384       0.140287
   3.891892       0.139951
   3.899399       0.139611
   3.906907       0.139267
   3.914414       0.138919
   3.921922       0.138567
   3.929429       0.138210
   3.936937       0.137848
   3.944444       0.137481
   3.951952       0.137109
   3.959459       0.136731
   3.966967       0.136347
   3.974474       0.135958
   3.981982       0.135563
   3.989489       0.135161
   3.996997       0.134753
   4.004505       0.134338
   4.012012       0.133917
   4.019520       0.133488
   4.027027       0.133053
   4.034535       0.132611
   4.042042       0.132162
   4.049550       0.131705
   4.057057       0.131241
   4.064565       0.130770
   4.072072       0.130291
   4.079580       0.129806
   4.087087       0.129312
   4.094595       0.128812
   4.102102       0.128304
   4.109610       0.127789
   4.117117       0.127266
   4.124625       0.126736
   4.132132       0.126200
   4.139640       0.125656
   4.147147       0.125105
   4.154655       0.124547
   4.162162       0.123983
   4.169670       0.123412
   4.177177       0.122835
   4.184685       0.122251
   4.192192       0.121662
   4.199700       0.121066
   4.207207       0.120464
   4.214715       0.119857
   4.222222       0.119245
   4.229730       0.118628
   4.237237       0.118005
   4.244745       0.117378
   4.252252       0.116746
   4.259760       0.116110
   4.267267       0.115470
   4.274775       0.114826
   4.282282       0.114178
   4.289790       0.113528
   4.297297       0.112873
   4.304805       0.112217
   4.312312       0.111557
   4.319820       0.110895
   4.327327       0.110231
   4.334835       0.109565
   4.342342       0.108897
   4.349850       0.108228
   4.357357       0.107557
   4.364865       0.106886
   4.372372       0.106213
   4.379880       0.105540
   4.387387       0.104867
   4.394895       0.104194
   4.402402       0.103521
   4.409910       0.102848
   4.417417       0.102176
   4.424925       0.101504
   4.432432       0.100833
   4.439940       0.100163
   4.447447       0.099495
   4.454955       0.098828
   4.462462       0.098163
   4.469970       0.097499
   4.477477       0.096837
   4.484985       0.096177
   4.492492       0.095520
   4.500000       0.094865
   4.507508       0.094212
   4.515015       0.093562
   4.522523       0.092915
   4.530030       0.092270
   4.537538       0.091629
   4.545045       0.090990
   4.552553       0.090355
   4.560060       0.089722
   4.567568       0.089094
   4.575075       0.088468
   4.582583       0.087846
   4.590090       0.087228
   4.597598       0.086613
   4.605105       0.086002
   4.612613       0.085394
   4.620120       0.084790
   4.627628       0.084190
   4.635135       0.083594
   4.642643       0.083002
   4.650150       0.082413
   4.657658       0.081829
   4.665165       0.081248
   4.672673       0.080672
   4.680180       0.080099
   4.687688       0.079531
   4.695195       0.078966
   4.702703       0.078406
   4.710210       0.077850
   4.717718       0.077297
   4.725225       0.076749
   4.732733       0.076204
   4.740240       0.075664
   4.747748       0.075128
   4.755255       0.074596
   4.762763       0.074068
   4.770270       0.073543
   4.777778       0.073023
   4.785285       0.072507
   4.792793       0.071995
   4.800300       0.071487
   4.807808       0.070982
   4.815315       0.070482
   4.822823       0.069986
   4.830330       0.069493
   4.837838       0.069004
   4.845345       0.068519
   4.852853       0.068038
   4.860360       0.067561
   4.867868       0.067088
   4.875375       0.066618
   4.882883       0.066152
   4.890390       0.065690
   4.897898       0.065232
   4.905405       0.064777
   4.912913       0.064326
   4.920420       0.063879
   4.927928       0.063435
   4.935435       0.062995
   4.942943       0.062558
   4.950450       0.062125
   4.957958       0.061695
   4.965465       0.061269
   4.972973       0.060847
   4.980480       0.060428
   4.987988       0.060012
   4.995495       0.059600
   5.003003       0.059191
   5.010511       0.058786
   5.018018       0.058384
   5.025526       0.057985
   5.033033       0.057590
   5.040541       0.057198
   5.048048       0.056809
   5.055556       0.056424
   5.063063       0.056041
   5.070571       0.055662
   5.078078       0.055286
   5.085586       0.054914
   5.093093       0.054544
   5.100601       0.054177
   5.108108       0.053814
   5.115616       0.053453
   5.123123       0.053096
   5.130631       0.052742
   5.138138       0.052390
   5.145646       0.052042
   5.153153       0.051697
   5.160661       0.051354
   5.168168       0.051015
   5.175676       0.050678
   5.183183       0.050344
   5.190691       0.050013
   5.198198       0.049685
   5.205706       0.049359
   5.213213       0.049036
   5.220721       0.048717
   5.228228       0.048399
   5.235736       0.048085
   5.243243       0.047773
   5.250751       0.047464
   5.258258       0.047157
   5.265766       0.046853
   5.273273       0.046552
   5.280781       0.046253
   5.288288       0.045956
   5.295796       0.045662
   5.303303       0.045371
   5.310811       0.045082
   5.318318       0.044796
   5.325826       0.044512
   5.333333       0.044230
   5.340841       0.043951
   5.348348       0.043674
   5.355856       0.043399
   5.363363       0.043127
   5.370871       0.042857
   5.378378       0.042589
   5.385886       0.042324
   5.393393       0.042060
   5.400901       0.041799
   5.408408       0.041541
   5.415916       0.041284
   5.423423       0.041029
   5.430931       0.040777
   5.438438       0.040527
   5.445946       0.040279
   5.453453       0.040033
   5.460961       0.039789
   5.468468       0.039547
   5.475976       0.039307
   5.483483       0.039069
   5.490991       0.038833
   5.498498       0.038599
   5.506006       0.038367
   5.513514       0.038136
   5.521021       0.037908
   5.528529       0.037682
   5.536036       0.037458
   5.543544       0.037235
   5.551051       0.037014
   5.558559       0.036795
   5.566066       0.036578
   5.573574       0.036363
   5.581081       0.036150
   5.588589       0.035938
   5.596096       0.035728
   5.603604       0.035520
   5.611111       0.035313
   5.618619       0.035109
   5.626126       0.034906
   5.633634       0.034704
   5.641141       0.034504
   5.648649       0.034306
   5.656156       0.034110
   5.663664       0.033915
   5.671171       0.033722
   5.678679       0.033530
   5.686186       0.033340
   5.693694       0.033151
   5.701201       0.032964
   5.708709       0.032779
   5.716216       0.032595
   5.723724       0.032412
   5.731231       0.032231
   5.738739       0.032052
   5.746246       0.031874
   5.753754       0.031697
   5.761261       0.031522
   5.768769       0.031348
   5.776276       0.031176
   5.783784       0.031005
   5.791291       0.030835
   5.798799       0.030667
   5.806306       0.030500
   5.813814       0.030334
   5.821321       0.030170
   5.828829       0.030007
   5.836336       0.029845
   5.843844       0.029685
   5.851351       0.029526
   5.858859       0.029368
   5.866366       0.029211
   5.873874       0.029055
   5.881381       0.028901
   5.888889       0.028748
   5.896396       0.028596
   5.903904       0.028445
   5.911411       0.028296
   5.918919       0.028147
   5.926426       0.028000
   5.933934       0.027854
   5.941441       0.027709
   5.948949       0.027565
   5.956456       0.027422
   5.963964       0.027280
   5.971471       0.027139
   5.978979       0.027000
   5.986486       0.026861
   5.993994       0.026723
   6.001502       0.026587
   6.009009       0.026451
   6.016517       0.026317
   6.024024       0.026183
   6.031532       0.026050
   6.039039       0.025919
   6.046547       0.025788
   6.054054       0.025658
   6.061562       0.025529
   6.069069       0.025401
   6.076577       0.025274
   6.084084       0.025148
   6.091592       0.025023
   6.099099       0.024899
   6.106607       0.024776
   6.114114       0.024653
   6.121622       0.024531
   6.129129       0.024411
   6.136637       0.024291
   6.144144       0.024172
   6.151652       0.024053
   6.159159       0.023936
   6.166667       0.023819
   6.174174       0.023703
   6.181682       0.023588
   6.189189       0.023474
   6.196697       0.023361
   6.204204       0.023248
   6.211712       0.023136
   6.219219       0.023025
   6.226727       0.022915
   6.234234       0.022805
   6.241742       0.022696
   6.249249       0.022588
   6.256757       0.022480
   6.264264       0.022374
   6.271772       0.022268
   6.279279       0.022163
   6.286787       0.022058
   6.294294       0.021954
   6.301802       0.021851
   6.309309       0.021748
   6.316817       0.021647
   6.324324       0.021546
   6.331832       0.021445
   6.339339       0.021345
   6.346847       0.021246
   6.354354       0.021148
   6.361862       0.021050
   6.369369       0.020953
   6.376877       0.020856
   6.384384       0.020760
   6.391892       0.020665
   6.399399       0.020570
   6.406907       0.020476
   6.414414       0.020383
   6.421922       0.020290
   6.429429       0.020198
   6.436937       0.020106
   6.444444       0.020015
   6.451952       0.019925
   6.459459       0.019835
   6.466967       0.019746
   6.474474       0.019657
   6.481982       0.019569
   6.489489       0.019482
   6.496997       0.019395
   6.504505       0.019308
   6.512012       0.019223
   6.519520       0.019137
   6.527027       0.019053
   6.534535       0.018969
   6.542042       0.018885
   6.549550       0.018802
   6.557057       0.018719
   6.564565       0.018637
   6.572072       0.018556
   6.579580       0.018475
   6.587087       0.018395
   6.594595       0.018315
   6.602102       0.018236
   6.609610       0.018157
   6.617117       0.018078
   6.624625       0.018001
   6.632132       0.017923
   6.639640       0.017847
   6.647147       0.017770
   6.654655       0.017695
   6.662162       0.017619
   6.669670       0.017545
   6.677177       0.017470
   6.684685       0.017396
   6.692192       0.017323
   6.699700       0.017250
   6.707207       0.017178
   6.714715       0.017106
   6.722222       0.017035
   6.729730       0.016964
   6.737237       0.016893
   6.744745       0.016823
   6.752252       0.016754
   6.759760       0.016685
   6.767267       0.016616
   6.774775       0.016548
   6.782282       0.016480
   6.789790       0.016413
   6.797297       0.016346
   6.804805       0.016279
   6.812312       0.016213
   6.819820       0.016148
   6.827327       0.016083
   6.834835       0.016018
   6.842342       0.015954
   6.849850       0.015890
   6.857357       0.015827
   6.864865       0.015764
   6.872372       0.015701
   6.879880       0.015639
   6.887387       0.015577
   6.894895       0.015516
   6.902402       0.015455
   6.909910       0.015395
   6.917417       0.015334
   6.924925       0.015275
   6.932432       0.015215
   6.939940       0.015156
   6.947447       0.015098
   6.954955       0.015040
   6.962462       0.014982
   6.969970       0.014924
   6.977477       0.014867
   6.984985       0.014811
   6.992492       0.014754
   7.000000       0.014698