 Eigenvalues (eV)
     0.000000e+00
     2.176037e-14
     4.995396e-04
     8.515339e-01
     8.515339e-01
     9.389979e-01
     9.578591e-01
     9.578591e-01
     1.027451e+00
     1.027451e+00
     1.065143e+00
     1.065143e+00
     1.085641e+00
     1.090148e+00
     1.275823e+00
     1.510852e+00
     1.510852e+00
     1.513293e+00
     1.662074e+00
     1.672330e+00
     1.702984e+00
     1.702984e+00
     1.735943e+00
     1.735943e+00
     1.956921e+00
     2.022309e+00
     2.022309e+00
     2.171830e+00
     2.351620e+00
     2.351620e+00
     2.507314e+00
     2.507314e+00
     2.512596e+00
     2.716392e+00
     2.721211e+00
     2.721211e+00
     2.721543e+00
     2.729276e+00
     2.729276e+00
     3.189534e+00
     3.192761e+00
     3.193065e+00
     3.193065e+00
     3.194257e+00
     3.194772e+00
     3.194772e+00
     3.196332e+00
     3.196332e+00
     3.196486e+00
     3.396387e+00
     3.396387e+00
     3.582625e+00
     3.582625e+00
     3.606426e+00
     4.024271e+00
     4.024407e+00
     4.024407e+00
     4.027006e+00
     4.027006e+00
     4.033347e+00
     4.033347e+00
     4.034440e+00
     4.039491e+00
     4.049946e+00
     4.051284e+00
     4.051284e+00
     4.053043e+00
     4.053108e+00
     4.056160e+00
     4.056160e+00
     4.085740e+00
     4.117592e+00
     4.117592e+00
     4.119340e+00
     4.119459e+00
     4.119459e+00
     4.123723e+00
     4.123723e+00
     4.169349e+00
     4.275682e+00
     4.275682e+00
     4.276044e+00
     4.675906e+00
     4.685654e+00
     4.685654e+00
     4.691341e+00
     4.691341e+00
     4.706322e+00
     4.739219e+00
     4.739219e+00
     4.752261e+00
     4.752261e+00
     4.766348e+00
     4.766348e+00
     4.771780e+00
     4.785554e+00
     4.796800e+00
     4.796800e+00
     4.805109e+00
     4.825528e+00
     4.826842e+00
     4.832569e+00
     4.846504e+00
     4.850546e+00
     4.850546e+00
     4.908371e+00
     4.908371e+00
     4.924384e+00
     4.924384e+00
     5.050717e+00
     5.058446e+00
     5.058446e+00
     5.061410e+00
     5.063924e+00
     5.063924e+00
     5.243161e+00
     5.248521e+00
     5.253007e+00
     5.253007e+00
     5.279051e+00
     5.279051e+00
     5.415278e+00
     5.415278e+00
     5.604181e+00
     5.643973e+00
     5.643973e+00
     5.787332e+00
     5.787332e+00
     5.806783e+00
     5.941914e+00
     5.941914e+00
     5.957595e+00
     5.957595e+00
     5.975671e+00
     5.982161e+00
     6.043962e+00
     6.142858e+00
     6.178096e+00
     6.178096e+00
     6.304340e+00
     6.304340e+00
     6.417935e+00
     6.417935e+00
     6.484961e+00
     9.128762e+00
     9.494046e+00
     9.494047e+00
     9.494047e+00
     9.535518e+00
     9.535518e+00
     1.000205e+01
     1.039446e+01
     1.039446e+01
     1.039446e+01
     1.039582e+01
     1.039582e+01
     1.039667e+01
     1.039667e+01
     1.039765e+01
     1.039769e+01
     1.040192e+01
     1.040255e+01
     1.040255e+01
     1.040567e+01
     1.040609e+01
     1.040609e+01
     1.040790e+01
     1.040850e+01
     1.040850e+01
     1.040887e+01
     1.040887e+01
     1.040965e+01
     1.040983e+01
     1.041680e+01
     1.041680e+01
     1.131331e+01
     1.131381e+01
     1.131381e+01
     1.131606e+01
     1.131606e+01
     1.131977e+01
     1.131980e+01
     1.132042e+01
     1.132042e+01
     1.132183e+01
     1.132183e+01
     1.132249e+01
     1.132375e+01
     1.132375e+01
     1.134296e+01