 Eloss (eV)  Int/Int(10Dq)  Int Err/Int(10Dq)
 -37.956603      -0.075981           0.000000
 -37.924878      -0.051763           0.000000
 -37.893154      -0.043060           0.000000
 -37.861429      -0.027464           0.000000
 -37.829704      -0.009660           0.000000
 -37.797979      -0.011532           0.000000
 -37.766254      -0.007311           0.000000
 -37.734529      -0.020602           0.000000
 -37.702804       0.002625           0.000184
 -37.671079      -0.012000           0.000000
 -37.639354      -0.013594           0.000000
 -37.607629      -0.013855           0.000000
 -37.575904      -0.004147           0.000000
 -37.544180      -0.009111           0.000000
 -37.512455      -0.013049           0.000000
 -37.480730      -0.014910           0.000000
 -37.449005      -0.008889           0.000000
 -37.417280      -0.018540           0.000000
 -37.385555      -0.010991           0.000000
 -37.353830      -0.013386           0.000000
 -37.322105      -0.003519           0.000000
 -37.290380      -0.011269           0.000000
 -37.258655      -0.006088           0.000000
 -37.226930      -0.011884           0.000000
 -37.195205      -0.011130           0.000000
 -37.163481      -0.022022           0.000000
 -37.131756      -0.022975           0.000000
 -37.100031      -0.032820           0.000000
 -37.068306      -0.006176           0.000000
 -37.036581      -0.006691           0.000000
 -37.004856      -0.013410           0.000000
 -36.973131      -0.012657           0.000000
 -36.941406      -0.002532           0.000000
 -36.909681      -0.007480           0.000000
 -36.877956      -0.013067           0.000000
 -36.846231      -0.011665           0.000000
 -36.814507       0.000659           0.000092
 -36.782782      -0.007493           0.000000
 -36.751057      -0.014218           0.000000
 -36.719332      -0.017797           0.000000
 -36.687607      -0.002491           0.000000
 -36.655882      -0.012080           0.000000
 -36.624157      -0.009624           0.000000
 -36.592432      -0.017970           0.000000
 -36.560707      -0.001526           0.000000
 -36.528982      -0.013030           0.000000
 -36.497257      -0.014658           0.000000
 -36.465533      -0.018246           0.000000
 -36.433808      -0.002902           0.000000
 -36.402083      -0.008079           0.000000
 -36.370358      -0.017384           0.000000
 -36.338633      -0.019940           0.000000
 -36.306908      -0.002483           0.000000
 -36.275183      -0.010585           0.000000
 -36.243458      -0.015628           0.000000
 -36.211733      -0.015716           0.000000
 -36.180008      -0.004429           0.000000
 -36.148283      -0.009422           0.000000
 -36.116559      -0.009207           0.000000
 -36.084834      -0.008877           0.000000
 -36.053109      -0.000037           0.000000
 -36.021384      -0.013880           0.000000
 -35.989659      -0.015545           0.000000
 -35.957934      -0.016100           0.000000
 -35.926209      -0.006570           0.000000
 -35.894484      -0.010718           0.000000
 -35.862759      -0.016011           0.000000
 -35.831034      -0.016265           0.000000
 -35.799309      -0.012365           0.000000
 -35.767584      -0.011489           0.000000
 -35.735860      -0.011586           0.000000
 -35.704135      -0.013319           0.000000
 -35.672410      -0.000660           0.000000
 -35.640685      -0.010639           0.000000
 -35.608960      -0.015308           0.000000
 -35.577235      -0.010082           0.000000
 -35.545510       0.006732           0.000295
 -35.513785      -0.009297           0.000000
 -35.482060      -0.013206           0.000000
 -35.450335      -0.023734           0.000000
 -35.418610      -0.016111           0.000000
 -35.386886      -0.005226           0.000000
 -35.355161      -0.009830           0.000000
 -35.323436      -0.019139           0.000000
 -35.291711      -0.001125           0.000000
 -35.259986      -0.011208           0.000000
 -35.228261      -0.007924           0.000000
 -35.196536      -0.007949           0.000000
 -35.164811      -0.000694           0.000000
 -35.133086       0.002738           0.000188
 -35.101361      -0.006464           0.000000
 -35.069636      -0.011112           0.000000
 -35.037912      -0.009279           0.000000
 -35.006187      -0.019096           0.000000
 -34.974462      -0.013326           0.000000
 -34.942737      -0.020006           0.000000
 -34.911012      -0.015878           0.000000
 -34.879287      -0.013722           0.000000
 -34.847562      -0.018411           0.000000
 -34.815837      -0.032287           0.000000
 -34.784112      -0.013981           0.000000
 -34.752387      -0.017520           0.000000
 -34.720662      -0.014691           0.000000
 -34.688938      -0.015103           0.000000
 -34.657213      -0.006115           0.000000
 -34.625488      -0.016364           0.000000
 -34.593763      -0.012827           0.000000
 -34.562038      -0.015214           0.000000
 -34.530313      -0.002642           0.000000
 -34.498588      -0.003879           0.000000
 -34.466863      -0.010042           0.000000
 -34.435138      -0.016591           0.000000
 -34.403413      -0.006061           0.000000
 -34.371688      -0.011156           0.000000
 -34.339963      -0.016325           0.000000
 -34.308239      -0.023819           0.000000
 -34.276514      -0.013348           0.000000
 -34.244789      -0.015579           0.000000
 -34.213064      -0.014607           0.000000
 -34.181339      -0.016445           0.000000
 -34.149614      -0.008494           0.000000
 -34.117889      -0.006408           0.000000
 -34.086164      -0.004366           0.000000
 -34.054439      -0.012513           0.000000
 -34.022714      -0.006940           0.000000
 -33.990989      -0.020686           0.000000
 -33.959265      -0.013591           0.000000
 -33.927540      -0.017257           0.000000
 -33.895815      -0.007189           0.000000
 -33.864090      -0.016577           0.000000
 -33.832365      -0.014911           0.000000
 -33.800640      -0.023520           0.000000
 -33.768915      -0.008602           0.000000
 -33.737190      -0.018198           0.000000
 -33.705465      -0.006320           0.000000
 -33.673740      -0.019369           0.000000
 -33.642015      -0.009308           0.000000
 -33.610291      -0.015804           0.000000
 -33.578566      -0.011629           0.000000
 -33.546841      -0.023190           0.000000
 -33.515116      -0.009721           0.000000
 -33.483391      -0.012443           0.000000
 -33.451666      -0.011281           0.000000
 -33.419941      -0.020511           0.000000
 -33.388216      -0.010186           0.000000
 -33.356491      -0.006381           0.000000
 -33.324766      -0.012227           0.000000
 -33.293041      -0.018875           0.000000
 -33.261317      -0.005298           0.000000
 -33.229592      -0.014481           0.000000
 -33.197867      -0.008922           0.000000
 -33.166142      -0.013992           0.000000
 -33.134417       0.004411           0.000239
 -33.102692      -0.004033           0.000000
 -33.070967      -0.006705           0.000000
 -33.039242      -0.013712           0.000000
 -33.007517      -0.001756           0.000000
 -32.975792      -0.011542           0.000000
 -32.944067      -0.017253           0.000000
 -32.912342      -0.023779           0.000000
 -32.880618       0.003413           0.000210
 -32.848893      -0.006479           0.000000
 -32.817168      -0.012496           0.000000
 -32.785443      -0.021712           0.000000
 -32.753718      -0.005583           0.000000
 -32.721993      -0.011824           0.000000
 -32.690268      -0.007310           0.000000
 -32.658543      -0.013227           0.000000
 -32.626818      -0.000637           0.000000
 -32.595093      -0.011374           0.000000
 -32.563368      -0.009813           0.000000
 -32.531644      -0.015692           0.000000
 -32.499919      -0.002987           0.000000
 -32.468194      -0.009662           0.000000
 -32.436469      -0.010799           0.000000
 -32.404744      -0.014666           0.000000
 -32.373019      -0.004031           0.000000
 -32.341294      -0.016556           0.000000
 -32.309569      -0.019263           0.000000
 -32.277844      -0.017987           0.000000
 -32.246119      -0.003605           0.000000
 -32.214394      -0.005396           0.000000
 -32.182670      -0.006469           0.000000
 -32.150945      -0.020813           0.000000
 -32.119220      -0.008390           0.000000
 -32.087495      -0.010152           0.000000
 -32.055770      -0.020335           0.000000
 -32.024045      -0.017509           0.000000
 -31.992320      -0.004972           0.000000
 -31.960595      -0.014024           0.000000
 -31.928870      -0.015433           0.000000
 -31.897145      -0.012757           0.000000
 -31.865420      -0.005672           0.000000
 -31.833696      -0.014929           0.000000
 -31.801971      -0.012476           0.000000
 -31.770246      -0.017683           0.000000
 -31.738521      -0.013106           0.000000
 -31.706796      -0.006515           0.000000
 -31.675071      -0.014094           0.000000
 -31.643346      -0.014017           0.000000
 -31.611621       0.000432           0.000075
 -31.579896      -0.007495           0.000000
 -31.548171      -0.009547           0.000000
 -31.516446      -0.013604           0.000000
 -31.484721       0.002402           0.000176
 -31.452997      -0.009371           0.000000
 -31.421272      -0.008568           0.000000
 -31.389547      -0.014851           0.000000
 -31.357822      -0.000935           0.000000
 -31.326097      -0.005085           0.000000
 -31.294372      -0.008938           0.000000
 -31.262647      -0.013766           0.000000
 -31.230922      -0.000164           0.000000
 -31.199197      -0.006860           0.000000
 -31.167472      -0.005466           0.000000
 -31.135747      -0.013009           0.000000
 -31.104023      -0.004150           0.000000
 -31.072298      -0.007746           0.000000
 -31.040573      -0.010496           0.000000
 -31.008848      -0.018293           0.000000
 -30.977123      -0.011010           0.000000
 -30.945398      -0.018189           0.000000
 -30.913673      -0.018008           0.000000
 -30.881948      -0.020883           0.000000
 -30.850223      -0.010220           0.000000
 -30.818498      -0.010115           0.000000
 -30.786773      -0.008890           0.000000
 -30.755049      -0.011136           0.000000
 -30.723324      -0.000091           0.000000
 -30.691599      -0.001736           0.000000
 -30.659874      -0.001358           0.000000
 -30.628149      -0.009240           0.000000
 -30.596424       0.003130           0.000201
 -30.564699      -0.005804           0.000000
 -30.532974      -0.006160           0.000000
 -30.501249      -0.012818           0.000000
 -30.469524      -0.007776           0.000000
 -30.437799      -0.011604           0.000000
 -30.406075      -0.013532           0.000000
 -30.374350      -0.021740           0.000000
 -30.342625      -0.017590           0.000000
 -30.310900      -0.017526           0.000000
 -30.279175      -0.012256           0.000000
 -30.247450      -0.014969           0.000000
 -30.215725      -0.001103           0.000000
 -30.184000      -0.007329           0.000000
 -30.152275      -0.005537           0.000000
 -30.120550      -0.010458           0.000000
 -30.088825      -0.001293           0.000000
 -30.057100      -0.009903           0.000000
 -30.025376      -0.007172           0.000000
 -29.993651      -0.009817           0.000000
 -29.961926      -0.001674           0.000000
 -29.930201      -0.006867           0.000000
 -29.898476      -0.003446           0.000000
 -29.866751      -0.010680           0.000000
 -29.835026       0.010385           0.000366
 -29.803301      -0.002972           0.000000
 -29.771576      -0.003204           0.000000
 -29.739851      -0.010244           0.000000
 -29.708126       0.005451           0.000265
 -29.676402      -0.013778           0.000000
 -29.644677      -0.006733           0.000000
 -29.612952      -0.010864           0.000000
 -29.581227       0.000326           0.000065
 -29.549502      -0.005990           0.000000
 -29.517777      -0.011917           0.000000
 -29.486052      -0.013685           0.000000
 -29.454327      -0.000365           0.000000
 -29.422602      -0.009322           0.000000
 -29.390877      -0.010226           0.000000
 -29.359152      -0.012842           0.000000
 -29.327428      -0.006216           0.000000
 -29.295703      -0.010014           0.000000
 -29.263978      -0.014115           0.000000
 -29.232253      -0.012090           0.000000
 -29.200528      -0.006232           0.000000
 -29.168803      -0.011359           0.000000
 -29.137078      -0.005467           0.000000
 -29.105353      -0.013538           0.000000
 -29.073628      -0.002938           0.000000
 -29.041903       0.003523           0.000213
 -29.010178       0.004167           0.000232
 -28.978454      -0.014415           0.000000
 -28.946729      -0.002184           0.000000
 -28.915004      -0.007496           0.000000
 -28.883279      -0.013038           0.000000
 -28.851554      -0.020695           0.000000
 -28.819829      -0.007994           0.000000
 -28.788104      -0.006722           0.000000
 -28.756379      -0.005137           0.000000
 -28.724654      -0.011742           0.000000
 -28.692929       0.001406           0.000135
 -28.661204      -0.000951           0.000000
 -28.629479      -0.002845           0.000000
 -28.597755      -0.008498           0.000000
 -28.566030       0.006826           0.000297
 -28.534305      -0.002050           0.000000
 -28.502580      -0.005128           0.000000
 -28.470855      -0.008067           0.000000
 -28.439130      -0.000918           0.000000
 -28.407405      -0.003855           0.000000
 -28.375680      -0.007265           0.000000
 -28.343955      -0.021071           0.000000
 -28.312230      -0.001126           0.000000
 -28.280505      -0.013698           0.000000
 -28.248781      -0.012622           0.000000
 -28.217056      -0.008465           0.000000
 -28.185331       0.003564           0.000214
 -28.153606      -0.002246           0.000000
 -28.121881      -0.006269           0.000000
 -28.090156      -0.011278           0.000000
 -28.058431      -0.001873           0.000000
 -28.026706      -0.007657           0.000000
 -27.994981      -0.007837           0.000000
 -27.963256      -0.017294           0.000000
 -27.931531      -0.003211           0.000000
 -27.899807      -0.009040           0.000000
 -27.868082      -0.008645           0.000000
 -27.836357      -0.014350           0.000000
 -27.804632      -0.000982           0.000000
 -27.772907      -0.005931           0.000000
 -27.741182      -0.013880           0.000000
 -27.709457      -0.020486           0.000000
 -27.677732      -0.003735           0.000000
 -27.646007      -0.010032           0.000000
 -27.614282      -0.015017           0.000000
 -27.582557      -0.014591           0.000000
 -27.550833       0.002043           0.000162
 -27.519108      -0.002429           0.000000
 -27.487383      -0.007900           0.000000
 -27.455658      -0.014962           0.000000
 -27.423933      -0.008151           0.000000
 -27.392208      -0.009639           0.000000
 -27.360483      -0.009549           0.000000
 -27.328758      -0.013591           0.000000
 -27.297033      -0.006072           0.000000
 -27.265308      -0.008233           0.000000
 -27.233583       0.004796           0.000249
 -27.201858      -0.003551           0.000000
 -27.170134       0.006168           0.000282
 -27.138409      -0.008672           0.000000
 -27.106684      -0.001684           0.000000
 -27.074959      -0.017920           0.000000
 -27.043234      -0.005110           0.000000
 -27.011509      -0.013463           0.000000
 -26.979784      -0.013816           0.000000
 -26.948059      -0.017411           0.000000
 -26.916334      -0.007467           0.000000
 -26.884609      -0.016724           0.000000
 -26.852884      -0.007935           0.000000
 -26.821160      -0.010405           0.000000
 -26.789435      -0.000166           0.000000
 -26.757710      -0.006678           0.000000
 -26.725985      -0.008328           0.000000
 -26.694260      -0.009878           0.000000
 -26.662535      -0.000285           0.000000
 -26.630810      -0.009155           0.000000
 -26.599085      -0.001451           0.000000
 -26.567360      -0.010825           0.000000
 -26.535635       0.004034           0.000228
 -26.503910       0.001033           0.000115
 -26.472186      -0.003141           0.000000
 -26.440461      -0.005133           0.000000
 -26.408736       0.005222           0.000260
 -26.377011      -0.005204           0.000000
 -26.345286      -0.007338           0.000000
 -26.313561      -0.001741           0.000000
 -26.281836       0.005003           0.000254
 -26.250111      -0.006131           0.000000
 -26.218386      -0.002256           0.000000
 -26.186661      -0.006106           0.000000
 -26.154936       0.012749           0.000406
 -26.123211       0.005309           0.000262
 -26.091487       0.007606           0.000313
 -26.059762      -0.001853           0.000000
 -26.028037       0.008523           0.000332
 -25.996312       0.005642           0.000270
 -25.964587       0.000136           0.000042
 -25.932862      -0.004972           0.000000
 -25.901137       0.008783           0.000337
 -25.869412       0.007085           0.000302
 -25.837687       0.003306           0.000207
 -25.805962       0.003979           0.000227
 -25.774237       0.012926           0.000408
 -25.742513       0.009963           0.000359
 -25.710788       0.005015           0.000254
 -25.679063       0.001117           0.000120
 -25.647338       0.008213           0.000326
 -25.615613       0.001022           0.000115
 -25.583888       0.006150           0.000282
 -25.552163       0.001359           0.000132
 -25.520438       0.013423           0.000416
 -25.488713       0.000377           0.000070
 -25.456988      -0.001705           0.000000
 -25.425263      -0.007284           0.000000
 -25.393539       0.003735           0.000220
 -25.361814      -0.002126           0.000000
 -25.330089      -0.003763           0.000000
 -25.298364      -0.010688           0.000000
 -25.266639       0.005593           0.000269
 -25.234914      -0.005129           0.000000
 -25.203189       0.001669           0.000147
 -25.171464      -0.001226           0.000000
 -25.139739       0.007349           0.000308
 -25.108014      -0.000096           0.000000
 -25.076289       0.003799           0.000221
 -25.044565      -0.007413           0.000000
 -25.012840       0.002961           0.000196
 -24.981115      -0.002579           0.000000
 -24.949390      -0.003068           0.000000
 -24.917665      -0.009438           0.000000
 -24.885940       0.012080           0.000395
 -24.854215       0.006081           0.000280
 -24.822490      -0.002065           0.000000
 -24.790765      -0.007460           0.000000
 -24.759040       0.001661           0.000146
 -24.727315      -0.001274           0.000000
 -24.695590       0.003982           0.000227
 -24.663866      -0.001358           0.000000
 -24.632141       0.008854           0.000338
 -24.600416       0.001933           0.000158
 -24.568691       0.005749           0.000272
 -24.536966      -0.007089           0.000000
 -24.505241       0.004295           0.000235
 -24.473516       0.004595           0.000244
 -24.441791      -0.006248           0.000000
 -24.410066      -0.011878           0.000000
 -24.378341       0.001785           0.000152
 -24.346616      -0.007339           0.000000
 -24.314892      -0.005280           0.000000
 -24.283167      -0.004283           0.000000
 -24.251442       0.008519           0.000332
 -24.219717      -0.002144           0.000000
 -24.187992      -0.000459           0.000000
 -24.156267      -0.010359           0.000000
 -24.124542       0.009719           0.000354
 -24.092817       0.000415           0.000073
 -24.061092      -0.002789           0.000000
 -24.029367      -0.008216           0.000000
 -23.997642       0.004101           0.000230
 -23.965918      -0.006018           0.000000
 -23.934193      -0.009668           0.000000
 -23.902468      -0.013859           0.000000
 -23.870743      -0.000206           0.000000
 -23.839018      -0.001500           0.000000
 -23.807293      -0.000050           0.000000
 -23.775568      -0.000909           0.000000
 -23.743843       0.012518           0.000402
 -23.712118       0.005179           0.000259
 -23.680393       0.005413           0.000264
 -23.648668       0.000950           0.000111
 -23.616944       0.003077           0.000199
 -23.585219      -0.012061           0.000000
 -23.553494      -0.003654           0.000000
 -23.521769      -0.005256           0.000000
 -23.490044       0.001946           0.000159
 -23.458319       0.001987           0.000160
 -23.426594      -0.009036           0.000000
 -23.394869      -0.016497           0.000000
 -23.363144      -0.003926           0.000000
 -23.331419      -0.006211           0.000000
 -23.299694       0.003324           0.000207
 -23.267969      -0.001437           0.000000
 -23.236245       0.013187           0.000413
 -23.204520       0.003472           0.000212
 -23.172795       0.001901           0.000157
 -23.141070      -0.005428           0.000000
 -23.109345       0.012877           0.000408
 -23.077620       0.002972           0.000196
 -23.045895      -0.002853           0.000000
 -23.014170      -0.003095           0.000000
 -22.982445       0.004868           0.000251
 -22.950720       0.003906           0.000225
 -22.918995       0.000459           0.000077
 -22.887271      -0.006177           0.000000
 -22.855546       0.004635           0.000245
 -22.823821       0.001545           0.000141
 -22.792096      -0.005480           0.000000
 -22.760371       0.001977           0.000160
 -22.728646       0.009084           0.000342
 -22.696921       0.004310           0.000236
 -22.665196       0.007993           0.000321
 -22.633471      -0.003605           0.000000
 -22.601746       0.003978           0.000227
 -22.570021      -0.004327           0.000000
 -22.538297      -0.004106           0.000000
 -22.506572      -0.013996           0.000000
 -22.474847       0.004321           0.000236
 -22.443122      -0.004882           0.000000
 -22.411397      -0.001372           0.000000
 -22.379672      -0.004087           0.000000
 -22.347947       0.010122           0.000361
 -22.316222       0.010923           0.000376
 -22.284497       0.010010           0.000359
 -22.252772       0.005415           0.000264
 -22.221047       0.020238           0.000511
 -22.189323       0.001746           0.000150
 -22.157598       0.001806           0.000153
 -22.125873      -0.009319           0.000000
 -22.094148       0.000087           0.000033
 -22.062423      -0.004313           0.000000
 -22.030698      -0.013033           0.000000
 -21.998973      -0.011228           0.000000
 -21.967248      -0.000762           0.000000
 -21.935523       0.000891           0.000107
 -21.903798      -0.000546           0.000000
 -21.872073      -0.006569           0.000000
 -21.840348       0.006829           0.000297
 -21.808624      -0.003549           0.000000
 -21.776899      -0.004546           0.000000
 -21.745174      -0.002110           0.000000
 -21.713449       0.003564           0.000214
 -21.681724      -0.001867           0.000000
 -21.649999      -0.004611           0.000000
 -21.618274      -0.011807           0.000000
 -21.586549       0.006352           0.000286
 -21.554824       0.000058           0.000027
 -21.523099      -0.002605           0.000000
 -21.491374      -0.007867           0.000000
 -21.459650       0.005782           0.000273
 -21.427925       0.008134           0.000324
 -21.396200       0.011972           0.000393
 -21.364475       0.001207           0.000125
 -21.332750       0.010396           0.000366
 -21.301025       0.009468           0.000350
 -21.269300       0.000790           0.000101
 -21.237575      -0.007608           0.000000
 -21.205850       0.018354           0.000487
 -21.174125       0.009127           0.000343
 -21.142400       0.005193           0.000259
 -21.110676       0.001714           0.000149
 -21.078951       0.001600           0.000144
 -21.047226       0.002158           0.000167
 -21.015501       0.002595           0.000183
 -20.983776      -0.003381           0.000000
 -20.952051       0.008223           0.000326
 -20.920326      -0.001757           0.000000
 -20.888601       0.002453           0.000178
 -20.856876      -0.009134           0.000000
 -20.825151       0.007071           0.000302
 -20.793426       0.008502           0.000331
 -20.761702       0.009581           0.000352
 -20.729977       0.004071           0.000229
 -20.698252       0.016021           0.000455
 -20.666527       0.007950           0.000320
 -20.634802       0.005840           0.000275
 -20.603077      -0.003500           0.000000
 -20.571352       0.007179           0.000304
 -20.539627      -0.002305           0.000000
 -20.507902      -0.002860           0.000000
 -20.476177      -0.005186           0.000000
 -20.444452       0.002228           0.000170
 -20.412727       0.005142           0.000258
 -20.381003       0.002625           0.000184
 -20.349278      -0.004385           0.000000
 -20.317553       0.011506           0.000385
 -20.285828      -0.008444           0.000000
 -20.254103      -0.010107           0.000000
 -20.222378      -0.002123           0.000000
 -20.190653       0.005052           0.000255
 -20.158928       0.003442           0.000211
 -20.127203       0.000555           0.000085
 -20.095478      -0.006113           0.000000
 -20.063753       0.004428           0.000239
 -20.032029      -0.001196           0.000000
 -20.000304      -0.000925           0.000000
 -19.968579       0.000124           0.000040
 -19.936854       0.011777           0.000390
 -19.905129       0.007571           0.000313
 -19.873404       0.002202           0.000169
 -19.841679      -0.004684           0.000000
 -19.809954       0.002642           0.000185
 -19.778229      -0.008374           0.000000
 -19.746504      -0.001794           0.000000
 -19.714779      -0.007353           0.000000
 -19.683055       0.006512           0.000290
 -19.651330       0.002483           0.000179
 -19.619605      -0.002595           0.000000
 -19.587880      -0.002624           0.000000
 -19.556155       0.003859           0.000223
 -19.524430       0.003184           0.000203
 -19.492705      -0.000121           0.000000
 -19.460980      -0.003798           0.000000
 -19.429255       0.007644           0.000314
 -19.397530      -0.003087           0.000000
 -19.365805       0.000615           0.000089
 -19.334081      -0.007232           0.000000
 -19.302356       0.006559           0.000291
 -19.270631       0.002533           0.000181
 -19.238906       0.000178           0.000048
 -19.207181      -0.002372           0.000000
 -19.175456       0.004112           0.000230
 -19.143731       0.000686           0.000094
 -19.112006      -0.005016           0.000000
 -19.080281      -0.005311           0.000000
 -19.048556       0.004691           0.000246
 -19.016831      -0.001322           0.000000
 -18.985106      -0.002734           0.000000
 -18.953382      -0.011819           0.000000
 -18.921657       0.001837           0.000154
 -18.889932       0.003103           0.000200
 -18.858207       0.002521           0.000180
 -18.826482      -0.004817           0.000000
 -18.794757       0.003452           0.000211
 -18.763032       0.001630           0.000145
 -18.731307       0.002907           0.000194
 -18.699582      -0.008026           0.000000
 -18.667857       0.010020           0.000360
 -18.636132       0.000739           0.000098
 -18.604408       0.000451           0.000076
 -18.572683      -0.009368           0.000000
 -18.540958       0.004213           0.000233
 -18.509233      -0.000641           0.000000
 -18.477508      -0.003938           0.000000
 -18.445783      -0.009877           0.000000
 -18.414058       0.007759           0.000316
 -18.382333       0.002954           0.000195
 -18.350608      -0.002092           0.000000
 -18.318883       0.007587           0.000313
 -18.287158       0.009732           0.000354
 -18.255434       0.007995           0.000321
 -18.223709       0.006754           0.000295
 -18.191984      -0.001959           0.000000
 -18.160259       0.006557           0.000291
 -18.128534       0.005054           0.000255
 -18.096809      -0.004867           0.000000
 -18.065084      -0.008404           0.000000
 -18.033359      -0.002157           0.000000
 -18.001634      -0.008492           0.000000
 -17.969909      -0.007019           0.000000
 -17.938184      -0.009785           0.000000
 -17.906460       0.007884           0.000319
 -17.874735      -0.006160           0.000000
 -17.843010      -0.004041           0.000000
 -17.811285      -0.007622           0.000000
 -17.779560       0.014502           0.000433
 -17.747835       0.005293           0.000261
 -17.716110       0.006712           0.000294
 -17.684385       0.002039           0.000162
 -17.652660       0.016988           0.000468
 -17.620935       0.007450           0.000310
 -17.589210      -0.000448           0.000000
 -17.557485      -0.002420           0.000000
 -17.525761       0.001998           0.000161
 -17.494036      -0.000430           0.000000
 -17.462311       0.007703           0.000315
 -17.430586       0.003906           0.000225
 -17.398861       0.009068           0.000342
 -17.367136      -0.001993           0.000000
 -17.335411       0.004138           0.000231
 -17.303686      -0.003520           0.000000
 -17.271961       0.005616           0.000269
 -17.240236      -0.004077           0.000000
 -17.208511      -0.001287           0.000000
 -17.176787      -0.002036           0.000000
 -17.145062       0.002860           0.000192
 -17.113337      -0.003113           0.000000
 -17.081612      -0.005546           0.000000
 -17.049887      -0.007315           0.000000
 -17.018162       0.009874           0.000357
 -16.986437       0.002870           0.000192
 -16.954712       0.000900           0.000108
 -16.922987      -0.006409           0.000000
 -16.891262       0.004346           0.000237
 -16.859537      -0.003532           0.000000
 -16.827813      -0.009204           0.000000
 -16.796088      -0.009749           0.000000
 -16.764363       0.003040           0.000198
 -16.732638      -0.006465           0.000000
 -16.700913      -0.003165           0.000000
 -16.669188      -0.009643           0.000000
 -16.637463       0.003568           0.000215
 -16.605738       0.000180           0.000048
 -16.574013      -0.001950           0.000000
 -16.542288      -0.007410           0.000000
 -16.510563       0.005365           0.000263
 -16.478839       0.000243           0.000056
 -16.447114      -0.005121           0.000000
 -16.415389      -0.005391           0.000000
 -16.383664       0.003824           0.000222
 -16.351939      -0.004380           0.000000
 -16.320214      -0.002954           0.000000
 -16.288489      -0.009473           0.000000
 -16.256764      -0.000160           0.000000
 -16.225039      -0.005587           0.000000
 -16.193314      -0.003231           0.000000
 -16.161589      -0.006168           0.000000
 -16.129864       0.005330           0.000262
 -16.098140       0.005549           0.000268
 -16.066415      -0.001615           0.000000
 -16.034690      -0.009528           0.000000
 -16.002965       0.002061           0.000163
 -15.971240      -0.005629           0.000000
 -15.939515      -0.011455           0.000000
 -15.907790      -0.007060           0.000000
 -15.876065       0.005835           0.000274
 -15.844340      -0.004121           0.000000
 -15.812615       0.001435           0.000136
 -15.780890      -0.007588           0.000000
 -15.749166       0.014471           0.000432
 -15.717441       0.006337           0.000286
 -15.685716       0.003765           0.000220
 -15.653991       0.002673           0.000186
 -15.622266       0.020409           0.000513
 -15.590541       0.010117           0.000361
 -15.558816       0.011071           0.000378
 -15.527091      -0.002685           0.000000
 -15.495366       0.004781           0.000248
 -15.463641       0.000804           0.000102
 -15.431916       0.000503           0.000081
 -15.400192      -0.006449           0.000000
 -15.368467       0.001910           0.000157
 -15.336742      -0.000813           0.000000
 -15.305017       0.005783           0.000273
 -15.273292      -0.005847           0.000000
 -15.241567       0.008653           0.000334
 -15.209842       0.007694           0.000315
 -15.178117       0.003182           0.000203
 -15.146392      -0.000778           0.000000
 -15.114667       0.013080           0.000411
 -15.082942       0.008617           0.000334
 -15.051218      -0.000314           0.000000
 -15.019493      -0.006122           0.000000
 -14.987768       0.010619           0.000370
 -14.956043       0.005222           0.000260
 -14.924318      -0.000003           0.000000
 -14.892593      -0.006462           0.000000
 -14.860868       0.010785           0.000373
 -14.829143       0.001700           0.000148
 -14.797418       0.004071           0.000229
 -14.765693      -0.011290           0.000000
 -14.733968       0.005386           0.000264
 -14.702243       0.000349           0.000067
 -14.670519       0.008121           0.000324
 -14.638794      -0.008105           0.000000
 -14.607069       0.010224           0.000363
 -14.575344       0.005196           0.000259
 -14.543619       0.002263           0.000171
 -14.511894       0.000201           0.000051
 -14.480169       0.006966           0.000300
 -14.448444       0.003907           0.000225
 -14.416719      -0.001095           0.000000
 -14.384994      -0.003124           0.000000
 -14.353269       0.006806           0.000296
 -14.321545       0.004097           0.000230
 -14.289820      -0.002528           0.000000
 -14.258095      -0.004504           0.000000
 -14.226370       0.008390           0.000329
 -14.194645       0.001808           0.000153
 -14.162920       0.001884           0.000156
 -14.131195      -0.002045           0.000000
 -14.099470       0.006967           0.000300
 -14.067745       0.000311           0.000063
 -14.036020      -0.011334           0.000000
 -14.004295      -0.010304           0.000000
 -13.972571      -0.000086           0.000000
 -13.940846      -0.002942           0.000000
 -13.909121      -0.001755           0.000000
 -13.877396      -0.011537           0.000000
 -13.845671       0.008299           0.000327
 -13.813946       0.003904           0.000224
 -13.782221       0.000243           0.000056
 -13.750496      -0.010804           0.000000
 -13.718771       0.010446           0.000367
 -13.687046       0.001115           0.000120
 -13.655321       0.004794           0.000249
 -13.623597      -0.000674           0.000000
 -13.591872       0.008590           0.000333
 -13.560147       0.001520           0.000140
 -13.528422       0.007051           0.000302
 -13.496697      -0.002872           0.000000
 -13.464972       0.006381           0.000287
 -13.433247       0.006847           0.000297
 -13.401522       0.001252           0.000127
 -13.369797      -0.002440           0.000000
 -13.338072       0.009393           0.000348
 -13.306347       0.004841           0.000250
 -13.274622       0.007926           0.000320
 -13.242898       0.008507           0.000331
 -13.211173       0.019015           0.000495
 -13.179448       0.003003           0.000197
 -13.147723      -0.000665           0.000000
 -13.115998      -0.008599           0.000000
 -13.084273       0.002227           0.000170
 -13.052548      -0.006012           0.000000
 -13.020823      -0.011845           0.000000
 -12.989098      -0.010813           0.000000
 -12.957373       0.010505           0.000368
 -12.925648       0.004733           0.000247
 -12.893924       0.006594           0.000292
 -12.862199      -0.000683           0.000000
 -12.830474       0.012055           0.000394
 -12.798749       0.003737           0.000220
 -12.767024      -0.001832           0.000000
 -12.735299      -0.004870           0.000000
 -12.703574      -0.002723           0.000000
 -12.671849       0.010400           0.000366
 -12.640124       0.001472           0.000138
 -12.608399      -0.004955           0.000000
 -12.576674       0.011197           0.000380
 -12.544950       0.009208           0.000345
 -12.513225       0.002442           0.000178
 -12.481500      -0.001614           0.000000
 -12.449775       0.005679           0.000271
 -12.418050       0.005964           0.000277
 -12.386325       0.006103           0.000281
 -12.354600      -0.001313           0.000000
 -12.322875       0.018570           0.000490
 -12.291150       0.007773           0.000317
 -12.259425       0.020062           0.000509
 -12.227700      -0.002405           0.000000
 -12.195976       0.011947           0.000393
 -12.164251      -0.000755           0.000000
 -12.132526      -0.002602           0.000000
 -12.100801      -0.001258           0.000000
 -12.069076       0.015420           0.000446
 -12.037351      -0.005367           0.000000
 -12.005626      -0.004018           0.000000
 -11.973901      -0.014537           0.000000
 -11.942176      -0.007969           0.000000
 -11.910451      -0.004759           0.000000
 -11.878726       0.001799           0.000152
 -11.847001      -0.000271           0.000000
 -11.815277       0.017354           0.000473
 -11.783552       0.009821           0.000356
 -11.751827       0.008513           0.000331
 -11.720102       0.007474           0.000311
 -11.688377       0.013706           0.000421
 -11.656652       0.000931           0.000110
 -11.624927       0.009918           0.000358
 -11.593202      -0.000735           0.000000
 -11.561477       0.004119           0.000231
 -11.529752       0.005382           0.000264
 -11.498027       0.000318           0.000064
 -11.466303      -0.001945           0.000000
 -11.434578       0.005639           0.000270
 -11.402853       0.000869           0.000106
 -11.371128       0.004900           0.000252
 -11.339403       0.001426           0.000136
 -11.307678       0.012682           0.000405
 -11.275953       0.008569           0.000333
 -11.244228      -0.003191           0.000000
 -11.212503      -0.009245           0.000000
 -11.180778       0.007974           0.000321
 -11.149053       0.008156           0.000324
 -11.117329       0.004937           0.000252
 -11.085604      -0.002151           0.000000
 -11.053879       0.006311           0.000285
 -11.022154      -0.001331           0.000000
 -10.990429       0.000036           0.000022
 -10.958704      -0.004844           0.000000
 -10.926979       0.004950           0.000253
 -10.895254       0.005139           0.000258
 -10.863529       0.002012           0.000161
 -10.831804      -0.009749           0.000000
 -10.800079       0.006810           0.000296
 -10.768355       0.003147           0.000202
 -10.736630      -0.004214           0.000000
 -10.704905      -0.004939           0.000000
 -10.673180       0.003990           0.000227
 -10.641455       0.000010           0.000011
 -10.609730      -0.007605           0.000000
 -10.578005      -0.007096           0.000000
 -10.546280       0.002683           0.000186
 -10.514555      -0.008809           0.000000
 -10.482830       0.004632           0.000245
 -10.451105      -0.007750           0.000000
 -10.419380       0.008054           0.000322
 -10.387656      -0.003078           0.000000
 -10.355931       0.002627           0.000184
 -10.324206      -0.005340           0.000000
 -10.292481       0.010752           0.000373
 -10.260756      -0.000987           0.000000
 -10.229031       0.011711           0.000389
 -10.197306       0.001625           0.000145
 -10.165581       0.009543           0.000351
 -10.133856      -0.001689           0.000000
 -10.102131       0.000829           0.000103
 -10.070406      -0.003883           0.000000
 -10.038682      -0.000483           0.000000
 -10.006957      -0.005750           0.000000
  -9.975232       0.002100           0.000165
  -9.943507       0.000889           0.000107
  -9.911782       0.007351           0.000308
  -9.880057       0.006318           0.000286
  -9.848332       0.009577           0.000352
  -9.816607      -0.004228           0.000000
  -9.784882       0.008114           0.000324
  -9.753157      -0.004039           0.000000
  -9.721432      -0.005876           0.000000
  -9.689708      -0.004172           0.000000
  -9.657983       0.004745           0.000247
  -9.626258       0.001838           0.000154
  -9.594533       0.004555           0.000242
  -9.562808      -0.002955           0.000000
  -9.531083       0.009329           0.000347
  -9.499358       0.008948           0.000340
  -9.467633       0.003685           0.000218
  -9.435908      -0.006426           0.000000
  -9.404183       0.007884           0.000319
  -9.372458       0.004942           0.000253
  -9.340734      -0.000970           0.000000
  -9.309009      -0.001961           0.000000
  -9.277284       0.008863           0.000338
  -9.245559       0.000235           0.000055
  -9.213834       0.005185           0.000259
  -9.182109      -0.007900           0.000000
  -9.150384       0.002211           0.000169
  -9.118659       0.005870           0.000275
  -9.086934       0.004514           0.000241
  -9.055209      -0.002007           0.000000
  -9.023484       0.007636           0.000314
  -8.991759       0.004470           0.000240
  -8.960035      -0.000576           0.000000
  -8.928310      -0.009115           0.000000
  -8.896585      -0.001478           0.000000
  -8.864860      -0.001606           0.000000
  -8.833135      -0.001606           0.000000
  -8.801410      -0.003334           0.000000
  -8.769685       0.006588           0.000292
  -8.737960       0.011521           0.000386
  -8.706235       0.002098           0.000165
  -8.674510      -0.000834           0.000000
  -8.642785       0.010945           0.000376
  -8.611061       0.011005           0.000377
  -8.579336       0.004430           0.000239
  -8.547611      -0.015048           0.000000
  -8.515886      -0.001716           0.000000
  -8.484161      -0.008871           0.000000
  -8.452436      -0.001313           0.000000
  -8.420711      -0.006602           0.000000
  -8.388986       0.013520           0.000418
  -8.357261       0.010815           0.000374
  -8.325536       0.005005           0.000254
  -8.293811      -0.003402           0.000000
  -8.262087       0.011039           0.000377
  -8.230362       0.003779           0.000221
  -8.198637      -0.000481           0.000000
  -8.166912       0.000132           0.000041
  -8.135187       0.013171           0.000412
  -8.103462       0.006045           0.000279
  -8.071737       0.001993           0.000160
  -8.040012       0.002144           0.000166
  -8.008287       0.009809           0.000356
  -7.976562      -0.001454           0.000000
  -7.944837       0.002405           0.000176
  -7.913113      -0.007658           0.000000
  -7.881388       0.006524           0.000290
  -7.849663       0.001319           0.000130
  -7.817938      -0.004244           0.000000
  -7.786213      -0.003450           0.000000
  -7.754488       0.000065           0.000029
  -7.722763      -0.002088           0.000000
  -7.691038      -0.001432           0.000000
  -7.659313      -0.006598           0.000000
  -7.627588       0.013597           0.000419
  -7.595863       0.011605           0.000387
  -7.564138      -0.000094           0.000000
  -7.532414      -0.008094           0.000000
  -7.500689      -0.002235           0.000000
  -7.468964      -0.004722           0.000000
  -7.437239      -0.006081           0.000000
  -7.405514      -0.006901           0.000000
  -7.373789       0.006555           0.000291
  -7.342064      -0.001152           0.000000
  -7.310339       0.001555           0.000142
  -7.278614      -0.003043           0.000000
  -7.246889       0.007156           0.000304
  -7.215164       0.002418           0.000177
  -7.183440      -0.006309           0.000000
  -7.151715      -0.011687           0.000000
  -7.119990      -0.007466           0.000000
  -7.088265      -0.008266           0.000000
  -7.056540      -0.008382           0.000000
  -7.024815      -0.008858           0.000000
  -6.993090      -0.001650           0.000000
  -6.961365      -0.006027           0.000000
  -6.929640      -0.005054           0.000000
  -6.897915      -0.001082           0.000000
  -6.866190       0.004036           0.000228
  -6.834466       0.002585           0.000183
  -6.802741       0.000796           0.000101
  -6.771016      -0.011278           0.000000
  -6.739291       0.008259           0.000327
  -6.707566      -0.001120           0.000000
  -6.675841       0.001074           0.000118
  -6.644116      -0.006044           0.000000
  -6.612391       0.008747           0.000336
  -6.580666      -0.006374           0.000000
  -6.548941      -0.009093           0.000000
  -6.517216      -0.010995           0.000000
  -6.485492       0.001407           0.000135
  -6.453767      -0.000965           0.000000
  -6.422042      -0.005966           0.000000
  -6.390317      -0.003580           0.000000
  -6.358592       0.002687           0.000186
  -6.326867      -0.001258           0.000000
  -6.295142       0.003960           0.000226
  -6.263417      -0.004220           0.000000
  -6.231692       0.000642           0.000091
  -6.199967      -0.000191           0.000000
  -6.168242       0.000260           0.000058
  -6.136517      -0.004465           0.000000
  -6.104793       0.004882           0.000251
  -6.073068      -0.000953           0.000000
  -6.041343      -0.007476           0.000000
  -6.009618      -0.015451           0.000000
  -5.977893      -0.002320           0.000000
  -5.946168      -0.000790           0.000000
  -5.914443      -0.000519           0.000000
  -5.882718      -0.006972           0.000000
  -5.850993       0.014577           0.000434
  -5.819268       0.007693           0.000315
  -5.787543       0.004695           0.000246
  -5.755819      -0.001776           0.000000
  -5.724094       0.010215           0.000363
  -5.692369      -0.001347           0.000000
  -5.660644      -0.004408           0.000000
  -5.628919      -0.012972           0.000000
  -5.597194       0.002803           0.000190
  -5.565469      -0.002471           0.000000
  -5.533744      -0.001560           0.000000
  -5.502019      -0.008920           0.000000
  -5.470294       0.005704           0.000271
  -5.438569       0.005886           0.000276
  -5.406845       0.010377           0.000366
  -5.375120      -0.004584           0.000000
  -5.343395       0.000005           0.000008
  -5.311670       0.006127           0.000281
  -5.279945      -0.002977           0.000000
  -5.248220       0.000971           0.000112
  -5.216495       0.012970           0.000409
  -5.184770       0.004263           0.000235
  -5.153045       0.001597           0.000144
  -5.121320      -0.008444           0.000000
  -5.089595       0.001105           0.000119
  -5.057871      -0.005394           0.000000
  -5.026146       0.000508           0.000081
  -4.994421      -0.007060           0.000000
  -4.962696       0.013374           0.000416
  -4.930971       0.001915           0.000157
  -4.899246       0.002955           0.000195
  -4.867521      -0.006907           0.000000
  -4.835796       0.001786           0.000152
  -4.804071      -0.004064           0.000000
  -4.772346      -0.008912           0.000000
  -4.740621      -0.006038           0.000000
  -4.708896       0.004020           0.000228
  -4.677172      -0.000265           0.000000
  -4.645447       0.000258           0.000058
  -4.613722      -0.007486           0.000000
  -4.581997       0.003575           0.000215
  -4.550272       0.001191           0.000124
  -4.518547       0.001123           0.000120
  -4.486822      -0.007552           0.000000
  -4.455097       0.009659           0.000353
  -4.423372       0.001519           0.000140
  -4.391647      -0.003487           0.000000
  -4.359922      -0.007034           0.000000
  -4.328198       0.006371           0.000287
  -4.296473       0.010298           0.000365
  -4.264748       0.003444           0.000211
  -4.233023      -0.005819           0.000000
  -4.201298      -0.002125           0.000000
  -4.169573      -0.002474           0.000000
  -4.137848       0.005382           0.000264
  -4.106123       0.003916           0.000225
  -4.074398       0.010824           0.000374
  -4.042673       0.005854           0.000275
  -4.010948       0.001383           0.000134
  -3.979224      -0.006449           0.000000
  -3.947499       0.006210           0.000283
  -3.915774      -0.007840           0.000000
  -3.884049       0.006056           0.000280
  -3.852324      -0.001620           0.000000
  -3.820599       0.011429           0.000384
  -3.788874      -0.001144           0.000000
  -3.757149       0.007186           0.000305
  -3.725424      -0.000255           0.000000
  -3.693699       0.006914           0.000299
  -3.661974      -0.007572           0.000000
  -3.630250      -0.018109           0.000000
  -3.598525      -0.018482           0.000000
  -3.566800      -0.000695           0.000000
  -3.535075      -0.012116           0.000000
  -3.503350      -0.006112           0.000000
  -3.471625      -0.005466           0.000000
  -3.439900      -0.001592           0.000000
  -3.408175      -0.001086           0.000000
  -3.376450      -0.000303           0.000000
  -3.344725      -0.004262           0.000000
  -3.313000       0.005503           0.000267
  -3.281275       0.005895           0.000276
  -3.249551       0.002049           0.000163
  -3.217826      -0.003911           0.000000
  -3.186101      -0.000738           0.000000
  -3.154376      -0.006656           0.000000
  -3.122651      -0.003646           0.000000
  -3.090926      -0.000263           0.000000
  -3.059201       0.003812           0.000222
  -3.027476      -0.005201           0.000000
  -2.995751      -0.003602           0.000000
  -2.964026      -0.010603           0.000000
  -2.932301      -0.000060           0.000000
  -2.900577      -0.007972           0.000000
  -2.868852      -0.010618           0.000000
  -2.837127      -0.015003           0.000000
  -2.805402      -0.003864           0.000000
  -2.773677      -0.009495           0.000000
  -2.741952      -0.007980           0.000000
  -2.710227      -0.012671           0.000000
  -2.678502       0.003160           0.000202
  -2.646777      -0.000537           0.000000
  -2.615052      -0.003699           0.000000
  -2.583327      -0.003821           0.000000
  -2.551603       0.009655           0.000353
  -2.519878       0.003028           0.000198
  -2.488153      -0.002851           0.000000
  -2.456428      -0.010713           0.000000
  -2.424703       0.010419           0.000367
  -2.392978      -0.001978           0.000000
  -2.361253      -0.008319           0.000000
  -2.329528      -0.012611           0.000000
  -2.297803       0.001073           0.000118
  -2.266078      -0.007271           0.000000
  -2.234353      -0.007074           0.000000
  -2.202629      -0.012566           0.000000
  -2.170904       0.006714           0.000294
  -2.139179       0.004664           0.000245
  -2.107454      -0.002156           0.000000
  -2.075729      -0.006902           0.000000
  -2.044004       0.018579           0.000490
  -2.012279       0.007443           0.000310
  -1.980554       0.008326           0.000328
  -1.948829      -0.000072           0.000000
  -1.917104       0.014937           0.000439
  -1.885379       0.003757           0.000220
  -1.853654      -0.000003           0.000000
  -1.821930      -0.012144           0.000000
  -1.790205       0.002978           0.000196
  -1.758480      -0.007727           0.000000
  -1.726755      -0.004557           0.000000
  -1.695030      -0.007535           0.000000
  -1.663305       0.002796           0.000190
  -1.631580      -0.002857           0.000000
  -1.599855      -0.006875           0.000000
  -1.568130      -0.007490           0.000000
  -1.536405       0.012127           0.000396
  -1.504680       0.004902           0.000252
  -1.472956      -0.000406           0.000000
  -1.441231      -0.006378           0.000000
  -1.409506       0.014105           0.000427
  -1.377781       0.012555           0.000403
  -1.346056       0.012554           0.000403
  -1.314331       0.011711           0.000389
  -1.282606       0.014395           0.000431
  -1.250881       0.010215           0.000363
  -1.219156       0.002444           0.000178
  -1.187431      -0.005527           0.000000
  -1.155706       0.000854           0.000105
  -1.123982      -0.001287           0.000000
  -1.092257       0.000864           0.000106
  -1.060532      -0.005554           0.000000
  -1.028807       0.001881           0.000156
  -0.997082      -0.002741           0.000000
  -0.965357       0.001433           0.000136
  -0.933632       0.003152           0.000202
  -0.901907       0.017959           0.000481
  -0.870182       0.008327           0.000328
  -0.838457       0.008085           0.000323
  -0.806732       0.005521           0.000267
  -0.775007       0.016886           0.000467
  -0.743283       0.013627           0.000419
  -0.711558       0.007188           0.000305
  -0.679833      -0.000128           0.000000
  -0.648108       0.007736           0.000316
  -0.616383      -0.003353           0.000000
  -0.584658       0.007300           0.000307
  -0.552933      -0.006414           0.000000
  -0.521208       0.002171           0.000167
  -0.489483       0.001827           0.000154
  -0.457758       0.007356           0.000308
  -0.426033       0.002863           0.000192
  -0.394309       0.017684           0.000478
  -0.362584       0.002926           0.000194
  -0.330859       0.010320           0.000365
  -0.299134       0.008382           0.000329
  -0.267409       0.034381           0.000666
  -0.235684       0.039593           0.000715
  -0.203959       0.079918           0.001016
  -0.172234       0.147739           0.001381
  -0.140509       0.277108           0.001891
  -0.108784       0.411432           0.002305
  -0.077059       0.564120           0.002699
  -0.045335       0.695368           0.002996
  -0.013610       0.809481           0.003233
   0.018115       0.768539           0.003150
   0.049840       0.665040           0.002930
   0.081565       0.507902           0.002561
   0.113290       0.377674           0.002208
   0.145015       0.269790           0.001866
   0.176740       0.185463           0.001547
   0.208465       0.111227           0.001198
   0.240190       0.090196           0.001079
   0.271915       0.078163           0.001004
   0.303639       0.063584           0.000906
   0.335364       0.051359           0.000814
   0.367089       0.070277           0.000952
   0.398814       0.067549           0.000934
   0.430539       0.066508           0.000927
   0.462264       0.084504           0.001044
   0.493989       0.107335           0.001177
   0.525714       0.134869           0.001319
   0.557439       0.155769           0.001418
   0.589164       0.169137           0.001478
   0.620889       0.202411           0.001616
   0.652614       0.248309           0.001790
   0.684338       0.303448           0.001979
   0.716063       0.330002           0.002064
   0.747788       0.387184           0.002236
   0.779513       0.442098           0.002389
   0.811238       0.529062           0.002613
   0.842963       0.620803           0.002831
   0.874688       0.713821           0.003036
   0.906413       0.784189           0.003182
   0.938138       0.884063           0.003378
   0.969863       0.974173           0.003546
   1.001588       1.000000           0.003593
   1.033312       0.953636           0.003509
   1.065037       0.921497           0.003449
   1.096762       0.879196           0.003369
   1.128487       0.795015           0.003204
   1.160212       0.693898           0.002993
   1.191937       0.591130           0.002762
   1.223662       0.493318           0.002524
   1.255387       0.417091           0.002320
   1.287112       0.351460           0.002130
   1.318837       0.309540           0.001999
   1.350562       0.270056           0.001867
   1.382286       0.261252           0.001836
   1.414011       0.244544           0.001777
   1.445736       0.248876           0.001792
   1.477461       0.250790           0.001799
   1.509186       0.270886           0.001870
   1.540911       0.255278           0.001815
   1.572636       0.262051           0.001839
   1.604361       0.268139           0.001860
   1.636086       0.272763           0.001876
   1.667811       0.251057           0.001800
   1.699536       0.246167           0.001783
   1.731260       0.224799           0.001704
   1.762985       0.230449           0.001725
   1.794710       0.207979           0.001639
   1.826435       0.187452           0.001556
   1.858160       0.158854           0.001432
   1.889885       0.157575           0.001426
   1.921610       0.147975           0.001382
   1.953335       0.121008           0.001250
   1.985060       0.111808           0.001201
   2.016785       0.114291           0.001215
   2.048510       0.092742           0.001094
   2.080235       0.082848           0.001034
   2.111959       0.078858           0.001009
   2.143684       0.093896           0.001101
   2.175409       0.077497           0.001000
   2.207134       0.074102           0.000978
   2.238859       0.071477           0.000961
   2.270584       0.094539           0.001105
   2.302309       0.088033           0.001066
   2.334034       0.082177           0.001030
   2.365759       0.078328           0.001006
   2.397484       0.093838           0.001101
   2.429209       0.102242           0.001149
   2.460933       0.115240           0.001220
   2.492658       0.112934           0.001207
   2.524383       0.134204           0.001316
   2.556108       0.129702           0.001294
   2.587833       0.126894           0.001280
   2.619558       0.122019           0.001255
   2.651283       0.136052           0.001325
   2.683008       0.136932           0.001330
   2.714733       0.125955           0.001275
   2.746458       0.111095           0.001198
   2.778183       0.110646           0.001195
   2.809907       0.115907           0.001223
   2.841632       0.127253           0.001282
   2.873357       0.111491           0.001200
   2.905082       0.130679           0.001299
   2.936807       0.124056           0.001265
   2.968532       0.116180           0.001225
   3.000257       0.111740           0.001201
   3.031982       0.113498           0.001210
   3.063707       0.099039           0.001131
   3.095432       0.088839           0.001071
   3.127157       0.075162           0.000985
   3.158881       0.077711           0.001002
   3.190606       0.074911           0.000983
   3.222331       0.058420           0.000868
   3.254056       0.041113           0.000729
   3.285781       0.051433           0.000815
   3.317506       0.047801           0.000786
   3.349231       0.048449           0.000791
   3.380956       0.034024           0.000663
   3.412681       0.051605           0.000816
   3.444406       0.044460           0.000758
   3.476131       0.045925           0.000770
   3.507856       0.040719           0.000725
   3.539580       0.051136           0.000812
   3.571305       0.042084           0.000737
   3.603030       0.040057           0.000719
   3.634755       0.040986           0.000727
   3.666480       0.042709           0.000743
   3.698205       0.036628           0.000688
   3.729930       0.030577           0.000628
   3.761655       0.028740           0.000609
   3.793380       0.046720           0.000777
   3.825105       0.032823           0.000651
   3.856830       0.030168           0.000624
   3.888554       0.020529           0.000515
   3.920279       0.037892           0.000699
   3.952004       0.035448           0.000676
   3.983729       0.034800           0.000670
   4.015454       0.038749           0.000707
   4.047179       0.048708           0.000793
   4.078904       0.052614           0.000824
   4.110629       0.040993           0.000727
   4.142354       0.032060           0.000643
   4.174079       0.045692           0.000768
   4.205804       0.043094           0.000746
   4.237528       0.037951           0.000700
   4.269253       0.029897           0.000621
   4.300978       0.037967           0.000700
   4.332703       0.038987           0.000709
   4.364428       0.036255           0.000684
   4.396153       0.025820           0.000577
   4.427878       0.032858           0.000651
   4.459603       0.024428           0.000562
   4.491328       0.027015           0.000591
   4.523053       0.028700           0.000609
   4.554778       0.037787           0.000698
   4.586502       0.033809           0.000661
   4.618227       0.016886           0.000467
   4.649952       0.023095           0.000546
   4.681677       0.042604           0.000742
   4.713402       0.037754           0.000698
   4.745127       0.030126           0.000624
   4.776852       0.016927           0.000467
   4.808577       0.027551           0.000596
   4.840302       0.021878           0.000531
   4.872027       0.019419           0.000501
   4.903752       0.021251           0.000524
   4.935477       0.031332           0.000636
   4.967201       0.023287           0.000548
   4.998926       0.024753           0.000565
   5.030651       0.020621           0.000516
   5.062376       0.036567           0.000687
   5.094101       0.034991           0.000672
   5.125826       0.034716           0.000669
   5.157551       0.026808           0.000588
   5.189276       0.034824           0.000670
   5.221001       0.025792           0.000577
   5.252726       0.024041           0.000557
   5.284451       0.019539           0.000502
   5.316175       0.029185           0.000614
   5.347900       0.029076           0.000613
   5.379625       0.025203           0.000570
   5.411350       0.019042           0.000496
   5.443075       0.039658           0.000716
   5.474800       0.033452           0.000657
   5.506525       0.027930           0.000600
   5.538250       0.024447           0.000562
   5.569975       0.034167           0.000664
   5.601700       0.020517           0.000515
   5.633425       0.016448           0.000461
   5.665149       0.011263           0.000381
   5.696874       0.026226           0.000582
   5.728599       0.023904           0.000556
   5.760324       0.017744           0.000479
   5.792049       0.010122           0.000361
   5.823774       0.030801           0.000631
   5.855499       0.024481           0.000562
   5.887224       0.026070           0.000580
   5.918949       0.022781           0.000542
   5.950674       0.039792           0.000717
   5.982399       0.032817           0.000651
   6.014123       0.024388           0.000561
   6.045848       0.017663           0.000478
   6.077573       0.031778           0.000640
   6.109298       0.023353           0.000549
   6.141023       0.018316           0.000486
   6.172748       0.015484           0.000447
   6.204473       0.028476           0.000606
   6.236198       0.020995           0.000521
   6.267923       0.022873           0.000543
   6.299648       0.015147           0.000442
   6.331373       0.029601           0.000618
   6.363098       0.024153           0.000558
   6.394822       0.023973           0.000556
   6.426547       0.017561           0.000476
   6.458272       0.030880           0.000631
   6.489997       0.027293           0.000594
   6.521722       0.020565           0.000515
   6.553447       0.013759           0.000421
   6.585172       0.025921           0.000578
   6.616897       0.014731           0.000436
   6.648622       0.014212           0.000428
   6.680347       0.008862           0.000338
   6.712072       0.020888           0.000519
   6.743796       0.007345           0.000308
   6.775521       0.011917           0.000392
   6.807246       0.016757           0.000465
   6.838971       0.025663           0.000576
   6.870696       0.020577           0.000515
   6.902421       0.028177           0.000603
   6.934146       0.025066           0.000569
   6.965871       0.038276           0.000703
   6.997596       0.018035           0.000483
   7.029321       0.020562           0.000515
   7.061046       0.012707           0.000405
   7.092770       0.031769           0.000640
   7.124495       0.025818           0.000577
   7.156220       0.016519           0.000462
   7.187945       0.009458           0.000349
   7.219670       0.016574           0.000463
   7.251395       0.017205           0.000471
   7.283120       0.021607           0.000528
   7.314845       0.025959           0.000579
   7.346570       0.034585           0.000668
   7.378295       0.026547           0.000585
   7.410020       0.028108           0.000602
   7.441744       0.023785           0.000554
   7.473469       0.035122           0.000673
   7.505194       0.030069           0.000623
   7.536919       0.025836           0.000578
   7.568644       0.020069           0.000509
   7.600369       0.029017           0.000612
   7.632094       0.024835           0.000566
   7.663819       0.020508           0.000515
   7.695544       0.009610           0.000352
   7.727269       0.021977           0.000533
   7.758994       0.011731           0.000389
   7.790719       0.006243           0.000284
   7.822443       0.011153           0.000379
   7.854168       0.020514           0.000515
   7.885893       0.017430           0.000474
   7.917618       0.016522           0.000462
   7.949343       0.013721           0.000421
   7.981068       0.029056           0.000612
   8.012793       0.027381           0.000595
   8.044518       0.014536           0.000433
   8.076243       0.017354           0.000473
   8.107968       0.025864           0.000578
   8.139693       0.019927           0.000507
   8.171417       0.015696           0.000450
   8.203142       0.013612           0.000419
   8.234867       0.020258           0.000511
   8.266592       0.017660           0.000477
   8.298317       0.019420           0.000501
   8.330042       0.009632           0.000353
   8.361767       0.020726           0.000517
   8.393492       0.016118           0.000456
   8.425217       0.015979           0.000454
   8.456942       0.009100           0.000343
   8.488667       0.015410           0.000446
   8.520391       0.009710           0.000354
   8.552116       0.011003           0.000377
   8.583841       0.005273           0.000261
   8.615566       0.020672           0.000517
   8.647291       0.011827           0.000391
   8.679016       0.014904           0.000439
   8.710741       0.013333           0.000415
   8.742466       0.019297           0.000499
   8.774191       0.010125           0.000362
   8.805916       0.004726           0.000247
   8.837641       0.013124           0.000412
   8.869365       0.020337           0.000512
   8.901090       0.020926           0.000520
   8.932815       0.030092           0.000623
   8.964540       0.013516           0.000418
   8.996265       0.019468           0.000501
   9.027990       0.027093           0.000591
   9.059715       0.017748           0.000479
   9.091440       0.007797           0.000317
   9.123165       0.016445           0.000461
   9.154890       0.013176           0.000412
   9.186615       0.001938           0.000158
   9.218340       0.003972           0.000226
   9.250064       0.010649           0.000371
   9.281789       0.003803           0.000222
   9.313514       0.002847           0.000192
   9.345239       0.010051           0.000360
   9.376964       0.016827           0.000466
   9.408689       0.006953           0.000300
   9.440414       0.003008           0.000197
   9.472139       0.011295           0.000382
   9.503864       0.019022           0.000496
   9.535589       0.016351           0.000459
   9.567314       0.015288           0.000444
   9.599038       0.010499           0.000368
   9.630763       0.018845           0.000493
   9.662488       0.010972           0.000376
   9.694213       0.011397           0.000384
   9.725938       0.000480           0.000079
   9.757663       0.004855           0.000250
   9.789388       0.010355           0.000366
   9.821113       0.011504           0.000385
   9.852838       0.011178           0.000380
   9.884563       0.018027           0.000482
   9.916288       0.020266           0.000511
   9.948012       0.013882           0.000423
   9.979737       0.009315           0.000347
  10.011462       0.015317           0.000445
  10.043187       0.010063           0.000360
  10.074912       0.009652           0.000353
  10.106637       0.002663           0.000185
  10.138362       0.023202           0.000547
  10.170087       0.017673           0.000478
  10.201812       0.007035           0.000301
  10.233537      -0.003290           0.000000
  10.265262       0.011754           0.000390
  10.296986       0.008595           0.000333
  10.328711       0.002318           0.000173
  10.360436      -0.003971           0.000000
  10.392161       0.010644           0.000371
  10.423886       0.014505           0.000433
  10.455611       0.012038           0.000394
  10.487336       0.007670           0.000315
  10.519061       0.016152           0.000457
  10.550786       0.004856           0.000250
  10.582511       0.003591           0.000215
  10.614236       0.002134           0.000166
  10.645961       0.010476           0.000368
  10.677685      -0.001161           0.000000
  10.709410      -0.002576           0.000000
  10.741135      -0.007180           0.000000
  10.772860       0.008957           0.000340
  10.804585       0.004321           0.000236
  10.836310       0.010270           0.000364
  10.868035       0.003013           0.000197
  10.899760       0.014927           0.000439
  10.931485       0.011982           0.000393
  10.963210       0.003428           0.000210
  10.994935       0.007505           0.000311
  11.026659       0.017765           0.000479
  11.058384       0.011160           0.000380
  11.090109       0.002757           0.000189
  11.121834      -0.002907           0.000000
  11.153559       0.001605           0.000144
  11.185284      -0.004811           0.000000
  11.217009      -0.004988           0.000000
  11.248734      -0.011799           0.000000
  11.280459       0.003906           0.000225
  11.312184      -0.004684           0.000000
  11.343909      -0.001430           0.000000
  11.375633      -0.005094           0.000000
  11.407358       0.010841           0.000374
  11.439083       0.002305           0.000172
  11.470808       0.003788           0.000221
  11.502533      -0.000824           0.000000
  11.534258       0.007086           0.000302
  11.565983      -0.003962           0.000000
  11.597708      -0.000188           0.000000
  11.629433      -0.014765           0.000000
  11.661158      -0.001646           0.000000
  11.692883      -0.005507           0.000000
  11.724607      -0.007781           0.000000
  11.756332      -0.016822           0.000000
  11.788057       0.000351           0.000067
  11.819782      -0.002699           0.000000
  11.851507       0.000757           0.000099
  11.883232       0.006405           0.000288
  11.914957       0.009302           0.000347
  11.946682      -0.002968           0.000000
  11.978407       0.000510           0.000081
  12.010132      -0.011105           0.000000
  12.041857       0.001681           0.000147
  12.073582       0.003635           0.000217
  12.105306      -0.002383           0.000000
  12.137031      -0.001459           0.000000
  12.168756       0.007578           0.000313
  12.200481      -0.003401           0.000000
  12.232206      -0.006070           0.000000
  12.263931      -0.002073           0.000000
  12.295656       0.012822           0.000407
  12.327381       0.006236           0.000284
  12.359106       0.006840           0.000297
  12.390831      -0.000677           0.000000
  12.422556       0.016188           0.000457
  12.454280       0.002815           0.000191
  12.486005      -0.000071           0.000000
  12.517730       0.001249           0.000127
  12.549455       0.005783           0.000273
  12.581180      -0.006012           0.000000
  12.612905      -0.011214           0.000000
  12.644630      -0.016488           0.000000
  12.676355      -0.001122           0.000000
  12.708080       0.000592           0.000087
  12.739805      -0.003783           0.000000
  12.771530      -0.008641           0.000000
  12.803254       0.009269           0.000346
  12.834979       0.008063           0.000323
  12.866704       0.010207           0.000363
  12.898429      -0.000938           0.000000
  12.930154       0.006481           0.000289
  12.961879       0.003461           0.000211
  12.993604       0.005232           0.000260
  13.025329      -0.004198           0.000000
  13.057054       0.010074           0.000361
  13.088779       0.004231           0.000234
  13.120504      -0.001750           0.000000
  13.152228      -0.017454           0.000000
  13.183953       0.001814           0.000153
  13.215678      -0.002095           0.000000
  13.247403      -0.006419           0.000000
  13.279128      -0.011374           0.000000
  13.310853       0.007037           0.000301
  13.342578       0.003553           0.000214
  13.374303       0.005322           0.000262
  13.406028       0.003850           0.000223
  13.437753       0.010325           0.000365
  13.469478       0.000328           0.000065
  13.501203      -0.002050           0.000000
  13.532927      -0.014727           0.000000
  13.564652       0.001832           0.000154
  13.596377      -0.001372           0.000000
  13.628102      -0.003798           0.000000
  13.659827      -0.007978           0.000000
  13.691552       0.005842           0.000275
  13.723277      -0.001075           0.000000
  13.755002      -0.004115           0.000000
  13.786727      -0.001308           0.000000
  13.818452       0.010138           0.000362
  13.850177       0.007624           0.000314
  13.881901       0.005255           0.000260
  13.913626       0.004954           0.000253
  13.945351       0.011796           0.000390
  13.977076       0.005207           0.000259
  14.008801      -0.000473           0.000000
  14.040526      -0.006349           0.000000
  14.072251       0.009162           0.000344
  14.103976      -0.001993           0.000000
  14.135701      -0.005442           0.000000
  14.167426      -0.007158           0.000000
  14.199151       0.011949           0.000393
  14.230875      -0.004673           0.000000
  14.262600       0.007481           0.000311
  14.294325      -0.007371           0.000000
  14.326050       0.004389           0.000238
  14.357775       0.002955           0.000195
  14.389500      -0.000925           0.000000
  14.421225      -0.004468           0.000000
  14.452950       0.010185           0.000363
  14.484675      -0.002207           0.000000
  14.516400       0.001075           0.000118
  14.548125       0.001285           0.000129
  14.579849       0.009616           0.000352
  14.611574       0.002092           0.000164
  14.643299       0.001406           0.000135
  14.675024       0.002473           0.000179
  14.706749       0.001683           0.000147
  14.738474      -0.002193           0.000000
  14.770199       0.007981           0.000321
  14.801924       0.004544           0.000242
  14.833649       0.014030           0.000426
  14.865374       0.000537           0.000083
  14.897099       0.005478           0.000266
  14.928824      -0.003544           0.000000
  14.960548       0.004274           0.000235
  14.992273       0.006573           0.000291
  15.023998      -0.000386           0.000000
  15.055723      -0.008273           0.000000
  15.087448       0.011541           0.000386
  15.119173       0.005021           0.000255
  15.150898       0.005593           0.000269
  15.182623      -0.000791           0.000000
  15.214348       0.004217           0.000233
  15.246073      -0.003964           0.000000
  15.277798      -0.008054           0.000000
  15.309522      -0.008353           0.000000
  15.341247      -0.004298           0.000000
  15.372972      -0.005073           0.000000
  15.404697      -0.007422           0.000000
  15.436422      -0.012960           0.000000
  15.468147       0.007151           0.000304
  15.499872       0.004796           0.000249
  15.531597       0.002488           0.000179
  15.563322      -0.001275           0.000000
  15.595047       0.009422           0.000349
  15.626772       0.000664           0.000093
  15.658496      -0.002445           0.000000
  15.690221      -0.008012           0.000000
  15.721946       0.006463           0.000289
  15.753671      -0.004667           0.000000
  15.785396      -0.010305           0.000000
  15.817121      -0.010942           0.000000
  15.848846       0.001462           0.000137
  15.880571      -0.000686           0.000000
  15.912296       0.002478           0.000179
  15.944021      -0.002733           0.000000
  15.975746       0.017598           0.000477
  16.007470       0.008538           0.000332
  16.039195      -0.001160           0.000000
  16.070920      -0.010090           0.000000
  16.102645       0.002145           0.000166
  16.134370       0.001216           0.000125
  16.166095       0.006116           0.000281
  16.197820      -0.003988           0.000000
  16.229545       0.004438           0.000239
  16.261270      -0.006578           0.000000
  16.292995      -0.007873           0.000000
  16.324720      -0.009002           0.000000
  16.356445       0.009760           0.000355
  16.388169       0.001396           0.000134
  16.419894       0.000698           0.000095
  16.451619       0.000722           0.000097
  16.483344       0.011595           0.000387
  16.515069       0.002460           0.000178
  16.546794      -0.000757           0.000000
  16.578519      -0.011058           0.000000
  16.610244       0.008325           0.000328
  16.641969       0.002116           0.000165
  16.673694      -0.004054           0.000000
  16.705419      -0.007695           0.000000
  16.737143       0.001590           0.000143
  16.768868      -0.007879           0.000000
  16.800593      -0.007637           0.000000
  16.832318      -0.007173           0.000000
  16.864043       0.007055           0.000302
  16.895768      -0.000290           0.000000
  16.927493       0.002560           0.000182
  16.959218       0.002281           0.000172
  16.990943       0.010057           0.000360
  17.022668      -0.002464           0.000000
  17.054393      -0.010768           0.000000
  17.086117      -0.007767           0.000000
  17.117842      -0.002826           0.000000
  17.149567      -0.014799           0.000000
  17.181292      -0.009277           0.000000
  17.213017      -0.013589           0.000000
  17.244742       0.005710           0.000271
  17.276467      -0.005679           0.000000
  17.308192       0.003139           0.000201
  17.339917      -0.006333           0.000000
  17.371642       0.004521           0.000242
  17.403367       0.005628           0.000270
  17.435091      -0.005571           0.000000
  17.466816      -0.008588           0.000000
  17.498541       0.010277           0.000364
  17.530266       0.002957           0.000195
  17.561991      -0.006495           0.000000
  17.593716      -0.010356           0.000000
  17.625441      -0.001074           0.000000
  17.657166      -0.008905           0.000000
  17.688891      -0.008149           0.000000
  17.720616      -0.007229           0.000000
  17.752341       0.003396           0.000209
  17.784066      -0.002219           0.000000
  17.815790      -0.002114           0.000000
  17.847515      -0.004179           0.000000
  17.879240       0.005201           0.000259
  17.910965      -0.003773           0.000000
  17.942690       0.000877           0.000106
  17.974415      -0.005763           0.000000
  18.006140       0.013730           0.000421
  18.037865       0.006430           0.000288
  18.069590      -0.000246           0.000000
  18.101315      -0.001730           0.000000
  18.133040       0.009588           0.000352
  18.164764      -0.004393           0.000000
  18.196489      -0.002087           0.000000
  18.228214      -0.007540           0.000000
  18.259939       0.006102           0.000281
  18.291664       0.000461           0.000077
  18.323389      -0.003491           0.000000
  18.355114      -0.009073           0.000000
  18.386839       0.003292           0.000206
  18.418564      -0.002491           0.000000
  18.450289       0.001944           0.000158
  18.482014      -0.001902           0.000000
  18.513738       0.009411           0.000349
  18.545463       0.003583           0.000215
  18.577188      -0.003482           0.000000
  18.608913      -0.006557           0.000000
  18.640638       0.004833           0.000250
  18.672363      -0.004460           0.000000
  18.704088      -0.006795           0.000000
  18.735813      -0.006296           0.000000
  18.767538       0.013109           0.000411
  18.799263       0.002406           0.000176
  18.830988       0.000895           0.000107
  18.862712       0.005891           0.000276
  18.894437       0.016247           0.000458
  18.926162       0.019979           0.000508
  18.957887       0.009429           0.000349
  18.989612       0.001671           0.000147
  19.021337       0.003782           0.000221
  19.053062       0.001703           0.000148
  19.084787      -0.000986           0.000000
  19.116512      -0.006029           0.000000
  19.148237       0.007353           0.000308
  19.179962       0.005620           0.000269
  19.211687       0.006695           0.000294
  19.243411      -0.003587           0.000000
  19.275136       0.011032           0.000377
  19.306861       0.002287           0.000172
  19.338586      -0.004647           0.000000
  19.370311      -0.007577           0.000000
  19.402036       0.008594           0.000333
  19.433761      -0.001818           0.000000
  19.465486       0.000970           0.000112
  19.497211      -0.002246           0.000000
  19.528936       0.008218           0.000326
  19.560661       0.002670           0.000186
  19.592385       0.001774           0.000151
  19.624110       0.001999           0.000161
  19.655835       0.018445           0.000488
  19.687560       0.005904           0.000276
  19.719285       0.004904           0.000252
  19.751010      -0.000162           0.000000
  19.782735       0.005178           0.000259
  19.814460       0.000010           0.000012
  19.846185      -0.001491           0.000000
  19.877910      -0.006296           0.000000
  19.909635       0.003298           0.000206
  19.941359       0.005621           0.000269
  19.973084       0.001076           0.000118
  20.004809       0.001758           0.000151
  20.036534       0.004337           0.000237
  20.068259      -0.004028           0.000000
  20.099984      -0.003607           0.000000
  20.131709      -0.009144           0.000000
  20.163434      -0.002582           0.000000
  20.195159      -0.006976           0.000000
  20.226884      -0.005662           0.000000
  20.258609      -0.006415           0.000000
  20.290333       0.002475           0.000179
  20.322058      -0.000830           0.000000
  20.353783      -0.003924           0.000000
  20.385508      -0.007291           0.000000
  20.417233       0.006811           0.000297
  20.448958       0.006707           0.000294
  20.480683      -0.001529           0.000000
  20.512408      -0.016390           0.000000
  20.544133       0.000743           0.000098
  20.575858      -0.001376           0.000000
  20.607583      -0.006548           0.000000
  20.639308      -0.006493           0.000000
  20.671032       0.008927           0.000339
  20.702757       0.002866           0.000192
  20.734482       0.002142           0.000166
  20.766207      -0.006239           0.000000
  20.797932       0.002049           0.000163
  20.829657      -0.002135           0.000000
  20.861382      -0.003494           0.000000
  20.893107      -0.013523           0.000000
  20.924832      -0.004145           0.000000
  20.956557      -0.015298           0.000000
  20.988282      -0.014160           0.000000
  21.020006      -0.014472           0.000000
  21.051731      -0.000955           0.000000
  21.083456      -0.006575           0.000000
  21.115181      -0.006517           0.000000
  21.146906      -0.014421           0.000000
  21.178631       0.002986           0.000196
  21.210356       0.000683           0.000094
  21.242081      -0.001097           0.000000
  21.273806      -0.003604           0.000000
  21.305531       0.010000           0.000359
  21.337256      -0.003013           0.000000
  21.368980      -0.006725           0.000000
  21.400705      -0.008255           0.000000
  21.432430       0.002051           0.000163
  21.464155      -0.008914           0.000000
  21.495880      -0.006046           0.000000
  21.527605      -0.008214           0.000000
  21.559330       0.002426           0.000177
  21.591055       0.000928           0.000109
  21.622780       0.001099           0.000119
  21.654505      -0.008698           0.000000
  21.686230       0.004385           0.000238
  21.717954       0.004948           0.000253
  21.749679       0.001372           0.000133
  21.781404      -0.003821           0.000000
  21.813129       0.014432           0.000432
  21.844854       0.005164           0.000258
  21.876579       0.004623           0.000244
  21.908304      -0.008412           0.000000
  21.940029       0.002296           0.000172
  21.971754      -0.002137           0.000000
  22.003479      -0.007612           0.000000
  22.035204      -0.014387           0.000000
  22.066929       0.001139           0.000121
  22.098653      -0.006213           0.000000
  22.130378      -0.008611           0.000000
  22.162103      -0.012856           0.000000
  22.193828       0.002220           0.000169
  22.225553      -0.002183           0.000000
  22.257278       0.001435           0.000136
  22.289003      -0.000677           0.000000
  22.320728       0.006049           0.000279
  22.352453      -0.001863           0.000000
  22.384178      -0.000705           0.000000
  22.415903      -0.009098           0.000000
  22.447627       0.001521           0.000140
  22.479352      -0.004835           0.000000
  22.511077       0.001014           0.000114
  22.542802      -0.004951           0.000000
  22.574527      -0.003055           0.000000
  22.606252      -0.012554           0.000000
  22.637977      -0.008152           0.000000
  22.669702      -0.012661           0.000000
  22.701427      -0.001366           0.000000
  22.733152      -0.004989           0.000000
  22.764877      -0.000007           0.000000
  22.796601      -0.009508           0.000000
  22.828326       0.000625           0.000090
  22.860051      -0.002201           0.000000
  22.891776       0.000160           0.000045
  22.923501      -0.006068           0.000000
  22.955226       0.010588           0.000370
  22.986951      -0.000516           0.000000
  23.018676      -0.002274           0.000000
  23.050401      -0.009360           0.000000
  23.082126      -0.000299           0.000000
  23.113851      -0.007283           0.000000
  23.145576      -0.001543           0.000000
  23.177300      -0.004867           0.000000
  23.209025       0.007987           0.000321
  23.240750       0.002785           0.000190
  23.272475       0.000805           0.000102
  23.304200      -0.008606           0.000000
  23.335925       0.004463           0.000240
  23.367650      -0.001686           0.000000
  23.399375      -0.004185           0.000000
  23.431100      -0.012461           0.000000
  23.462825      -0.003442           0.000000
  23.494550       0.005703           0.000271
  23.526274      -0.001744           0.000000
  23.557999      -0.010231           0.000000
  23.589724       0.005504           0.000267
  23.621449      -0.011587           0.000000
  23.653174      -0.007649           0.000000
  23.684899      -0.012150           0.000000
  23.716624       0.001410           0.000135
  23.748349      -0.009723           0.000000
  23.780074       0.000566           0.000085
  23.811799      -0.011752           0.000000
  23.843524       0.006621           0.000292
  23.875248       0.003518           0.000213
  23.906973       0.002854           0.000192
  23.938698      -0.011869           0.000000
  23.970423       0.005561           0.000268
  24.002148      -0.006696           0.000000
  24.033873      -0.005320           0.000000
  24.065598      -0.007212           0.000000
  24.097323       0.004144           0.000231
  24.129048      -0.009352           0.000000
  24.160773      -0.007500           0.000000
  24.192498      -0.011123           0.000000
  24.224222       0.000510           0.000081
  24.255947      -0.006561           0.000000
  24.287672      -0.001056           0.000000
  24.319397      -0.007485           0.000000
  24.351122       0.001503           0.000139
  24.382847      -0.002688           0.000000
  24.414572      -0.001506           0.000000
  24.446297      -0.012202           0.000000
  24.478022       0.003239           0.000204
  24.509747      -0.006583           0.000000
  24.541472      -0.003951           0.000000
  24.573197      -0.019195           0.000000
  24.604921      -0.003176           0.000000
  24.636646      -0.001518           0.000000
  24.668371      -0.007326           0.000000
  24.700096      -0.005878           0.000000
  24.731821       0.001225           0.000126
  24.763546      -0.004546           0.000000
  24.795271      -0.006304           0.000000
  24.826996      -0.008475           0.000000
  24.858721      -0.003660           0.000000
  24.890446      -0.001431           0.000000
  24.922171      -0.008148           0.000000
  24.953895      -0.014893           0.000000
  24.985620      -0.004381           0.000000
  25.017345      -0.009094           0.000000
  25.049070      -0.008720           0.000000
  25.080795      -0.016644           0.000000
  25.112520      -0.004693           0.000000
  25.144245      -0.009483           0.000000
  25.175970      -0.001986           0.000000
  25.207695      -0.003677           0.000000
  25.239420       0.006293           0.000285
  25.271145      -0.009305           0.000000
  25.302869       0.001394           0.000134
  25.334594       0.002005           0.000161
  25.366319       0.008238           0.000326
  25.398044       0.010713           0.000372
  25.429769       0.002769           0.000189
  25.461494      -0.004492           0.000000
  25.493219       0.006095           0.000281
  25.524944      -0.008981           0.000000
  25.556669      -0.008708           0.000000
  25.588394      -0.013614           0.000000
  25.620119       0.003457           0.000211
  25.651843      -0.004901           0.000000
  25.683568      -0.006402           0.000000
  25.715293       0.001097           0.000119
  25.747018       0.016373           0.000460
  25.778743       0.006188           0.000283
  25.810468      -0.000840           0.000000
  25.842193      -0.004559           0.000000
  25.873918       0.001673           0.000147
  25.905643      -0.006121           0.000000
  25.937368      -0.005936           0.000000
  25.969093      -0.017243           0.000000
  26.000818      -0.006662           0.000000
  26.032542      -0.011827           0.000000
  26.064267      -0.008942           0.000000
  26.095992      -0.001083           0.000000
  26.127717       0.012181           0.000397
  26.159442       0.008828           0.000338
  26.191167       0.007250           0.000306
  26.222892      -0.001666           0.000000
  26.254617       0.009797           0.000356
  26.286342      -0.000481           0.000000
  26.318067      -0.005228           0.000000
  26.349792      -0.008421           0.000000
  26.381516       0.011195           0.000380
  26.413241      -0.002408           0.000000
  26.444966      -0.007707           0.000000
  26.476691      -0.008257           0.000000
  26.508416       0.002102           0.000165
  26.540141      -0.005418           0.000000
  26.571866       0.000084           0.000033
  26.603591      -0.006500           0.000000
  26.635316       0.012976           0.000409
  26.667041       0.005672           0.000271
  26.698766       0.000374           0.000069
  26.730490      -0.005167           0.000000
  26.762215      -0.001473           0.000000
  26.793940       0.003955           0.000226
  26.825665      -0.003531           0.000000
  26.857390      -0.004370           0.000000
  26.889115       0.005630           0.000270
  26.920840       0.000919           0.000109
  26.952565      -0.000244           0.000000
  26.984290      -0.017073           0.000000
  27.016015      -0.037363           0.000000
  27.047740      -0.057484           0.000000