 Charge Transfer / Tpd
              0.064150
              0.073424
              0.082627
              0.091760
              0.100824
              0.109819
              0.118746
              0.127606
              0.136400
              0.145128
              0.153792
              0.162392
              0.170928
              0.179401
              0.187813
              0.196163
              0.204453
              0.212682
              0.220852
              0.228964
              0.237017
              0.245014
              0.252953
              0.260836
              0.268663
              0.276436
              0.284153
              0.291817
              0.299428
              0.306986
              0.314492
              0.321946
              0.329348
              0.336701
              0.344003
              0.351255
              0.358458
              0.365613
              0.372720
              0.379779
              0.386791
              0.393756
              0.400675
              0.407548
              0.414376
              0.421159
              0.427898
              0.434592
              0.441243
              0.447851
              0.447863
              0.454442
              0.460978
              0.467473
              0.473927
              0.480341
              0.486714
              0.493047
              0.499341
              0.505596
              0.511812
              0.517989
              0.524129
              0.530231
              0.536295