 Tpp (eV)
 0.551000
 0.559755
 0.568510
 0.577265
 0.586020
 0.594776
 0.603531
 0.612286
 0.621041
 0.629796
 0.638551
 0.647306
 0.656061
 0.664816
 0.673571
 0.682327
 0.691082
 0.699837
 0.708592
 0.717347
 0.726102
 0.734857
 0.743612
 0.752367
 0.761122
 0.769878
 0.778633
 0.787388
 0.796143
 0.804898
 0.813653
 0.822408
 0.831163
 0.839918
 0.848673
 0.857429
 0.866184
 0.874939
 0.883694
 0.892449
 0.901204
 0.909959
 0.918714
 0.927469
 0.936224
 0.944980
 0.953735
 0.962490
 0.971245
 0.980000
 0.988800
 0.997559
 1.006318
 1.015076
 1.023835
 1.032594
 1.041353
 1.050112
 1.058871
 1.067629
 1.076388
 1.085147
 1.093906
 1.102665
 1.111424
 1.120182
 1.128941
 1.137700