 Eloss (eV)
  -0.500000
  -0.492492
  -0.484985
  -0.477477
  -0.469970
  -0.462462
  -0.454955
  -0.447447
  -0.439940
  -0.432432
  -0.424925
  -0.417417
  -0.409910
  -0.402402
  -0.394895
  -0.387387
  -0.379880
  -0.372372
  -0.364865
  -0.357357
  -0.349850
  -0.342342
  -0.334835
  -0.327327
  -0.319820
  -0.312312
  -0.304805
  -0.297297
  -0.289790
  -0.282282
  -0.274775
  -0.267267
  -0.259760
  -0.252252
  -0.244745
  -0.237237
  -0.229730
  -0.222222
  -0.214715
  -0.207207
  -0.199700
  -0.192192
  -0.184685
  -0.177177
  -0.169670
  -0.162162
  -0.154655
  -0.147147
  -0.139640
  -0.132132
  -0.124625
  -0.117117
  -0.109610
  -0.102102
  -0.094595
  -0.087087
  -0.079580
  -0.072072
  -0.064565
  -0.057057
  -0.049550
  -0.042042
  -0.034535
  -0.027027
  -0.019520
  -0.012012
  -0.004505
   0.003003
   0.010511
   0.018018
   0.025526
   0.033033
   0.040541
   0.048048
   0.055556
   0.063063
   0.070571
   0.078078
   0.085586
   0.093093
   0.100601
   0.108108
   0.115616
   0.123123
   0.130631
   0.138138
   0.145646
   0.153153
   0.160661
   0.168168
   0.175676
   0.183183
   0.190691
   0.198198
   0.205706
   0.213213
   0.220721
   0.228228
   0.235736
   0.243243
   0.250751
   0.258258
   0.265766
   0.273273
   0.280781
   0.288288
   0.295796
   0.303303
   0.310811
   0.318318
   0.325826
   0.333333
   0.340841
   0.348348
   0.355856
   0.363363
   0.370871
   0.378378
   0.385886
   0.393393
   0.400901
   0.408408
   0.415916
   0.423423
   0.430931
   0.438438
   0.445946
   0.453453
   0.460961
   0.468468
   0.475976
   0.483483
   0.490991
   0.498498
   0.506006
   0.513514
   0.521021
   0.528529
   0.536036
   0.543544
   0.551051
   0.558559
   0.566066
   0.573574
   0.581081
   0.588589
   0.596096
   0.603604
   0.611111
   0.618619
   0.626126
   0.633634
   0.641141
   0.648649
   0.656156
   0.663664
   0.671171
   0.678679
   0.686186
   0.693694
   0.701201
   0.708709
   0.716216
   0.723724
   0.731231
   0.738739
   0.746246
   0.753754
   0.761261
   0.768769
   0.776276
   0.783784
   0.791291
   0.798799
   0.806306
   0.813814
   0.821321
   0.828829
   0.836336
   0.843844
   0.851351
   0.858859
   0.866366
   0.873874
   0.881381
   0.888889
   0.896396
   0.903904
   0.911411
   0.918919
   0.926426
   0.933934
   0.941441
   0.948949
   0.956456
   0.963964
   0.971471
   0.978979
   0.986486
   0.993994
   1.001502
   1.009009
   1.016517
   1.024024
   1.031532
   1.039039
   1.046547
   1.054054
   1.061562
   1.069069
   1.076577
   1.084084
   1.091592
   1.099099
   1.106607
   1.114114
   1.121622
   1.129129
   1.136637
   1.144144
   1.151652
   1.159159
   1.166667
   1.174174
   1.181682
   1.189189
   1.196697
   1.204204
   1.211712
   1.219219
   1.226727
   1.234234
   1.241742
   1.249249
   1.256757
   1.264264
   1.271772
   1.279279
   1.286787
   1.294294
   1.301802
   1.309309
   1.316817
   1.324324
   1.331832
   1.339339
   1.346847
   1.354354
   1.361862
   1.369369
   1.376877
   1.384384
   1.391892
   1.399399
   1.406907
   1.414414
   1.421922
   1.429429
   1.436937
   1.444444
   1.451952
   1.459459
   1.466967
   1.474474
   1.481982
   1.489489
   1.496997
   1.504505
   1.512012
   1.519520
   1.527027
   1.534535
   1.542042
   1.549550
   1.557057
   1.564565
   1.572072
   1.579580
   1.587087
   1.594595
   1.602102
   1.609610
   1.617117
   1.624625
   1.632132
   1.639640
   1.647147
   1.654655
   1.662162
   1.669670
   1.677177
   1.684685
   1.692192
   1.699700
   1.707207
   1.714715
   1.722222
   1.729730
   1.737237
   1.744745
   1.752252
   1.759760
   1.767267
   1.774775
   1.782282
   1.789790
   1.797297
   1.804805
   1.812312
   1.819820
   1.827327
   1.834835
   1.842342
   1.849850
   1.857357
   1.864865
   1.872372
   1.879880
   1.887387
   1.894895
   1.902402
   1.909910
   1.917417
   1.924925
   1.932432
   1.939940
   1.947447
   1.954955
   1.962462
   1.969970
   1.977477
   1.984985
   1.992492
   2.000000
   2.007508
   2.015015
   2.022523
   2.030030
   2.037538
   2.045045
   2.052553
   2.060060
   2.067568
   2.075075
   2.082583
   2.090090
   2.097598
   2.105105
   2.112613
   2.120120
   2.127628
   2.135135
   2.142643
   2.150150
   2.157658
   2.165165
   2.172673
   2.180180
   2.187688
   2.195195
   2.202703
   2.210210
   2.217718
   2.225225
   2.232733
   2.240240
   2.247748
   2.255255
   2.262763
   2.270270
   2.277778
   2.285285
   2.292793
   2.300300
   2.307808
   2.315315
   2.322823
   2.330330
   2.337838
   2.345345
   2.352853
   2.360360
   2.367868
   2.375375
   2.382883
   2.390390
   2.397898
   2.405405
   2.412913
   2.420420
   2.427928
   2.435435
   2.442943
   2.450450
   2.457958
   2.465465
   2.472973
   2.480480
   2.487988
   2.495495
   2.503003
   2.510511
   2.518018
   2.525526
   2.533033
   2.540541
   2.548048
   2.555556
   2.563063
   2.570571
   2.578078
   2.585586
   2.593093
   2.600601
   2.608108
   2.615616
   2.623123
   2.630631
   2.638138
   2.645646
   2.653153
   2.660661
   2.668168
   2.675676
   2.683183
   2.690691
   2.698198
   2.705706
   2.713213
   2.720721
   2.728228
   2.735736
   2.743243
   2.750751
   2.758258
   2.765766
   2.773273
   2.780781
   2.788288
   2.795796
   2.803303
   2.810811
   2.818318
   2.825826
   2.833333
   2.840841
   2.848348
   2.855856
   2.863363
   2.870871
   2.878378
   2.885886
   2.893393
   2.900901
   2.908408
   2.915916
   2.923423
   2.930931
   2.938438
   2.945946
   2.953453
   2.960961
   2.968468
   2.975976
   2.983483
   2.990991
   2.998498
   3.006006
   3.013514
   3.021021
   3.028529
   3.036036
   3.043544
   3.051051
   3.058559
   3.066066
   3.073574
   3.081081
   3.088589
   3.096096
   3.103604
   3.111111
   3.118619
   3.126126
   3.133634
   3.141141
   3.148649
   3.156156
   3.163664
   3.171171
   3.178679
   3.186186
   3.193694
   3.201201
   3.208709
   3.216216
   3.223724
   3.231231
   3.238739
   3.246246
   3.253754
   3.261261
   3.268769
   3.276276
   3.283784
   3.291291
   3.298799
   3.306306
   3.313814
   3.321321
   3.328829
   3.336336
   3.343844
   3.351351
   3.358859
   3.366366
   3.373874
   3.381381
   3.388889
   3.396396
   3.403904
   3.411411
   3.418919
   3.426426
   3.433934
   3.441441
   3.448949
   3.456456
   3.463964
   3.471471
   3.478979
   3.486486
   3.493994
   3.501502
   3.509009
   3.516517
   3.524024
   3.531532
   3.539039
   3.546547
   3.554054
   3.561562
   3.569069
   3.576577
   3.584084
   3.591592
   3.599099
   3.606607
   3.614114
   3.621622
   3.629129
   3.636637
   3.644144
   3.651652
   3.659159
   3.666667
   3.674174
   3.681682
   3.689189
   3.696697
   3.704204
   3.711712
   3.719219
   3.726727
   3.734234
   3.741742
   3.749249
   3.756757
   3.764264
   3.771772
   3.779279
   3.786787
   3.794294
   3.801802
   3.809309
   3.816817
   3.824324
   3.831832
   3.839339
   3.846847
   3.854354
   3.861862
   3.869369
   3.876877
   3.884384
   3.891892
   3.899399
   3.906907
   3.914414
   3.921922
   3.929429
   3.936937
   3.944444
   3.951952
   3.959459
   3.966967
   3.974474
   3.981982
   3.989489
   3.996997
   4.004505
   4.012012
   4.019520
   4.027027
   4.034535
   4.042042
   4.049550
   4.057057
   4.064565
   4.072072
   4.079580
   4.087087
   4.094595
   4.102102
   4.109610
   4.117117
   4.124625
   4.132132
   4.139640
   4.147147
   4.154655
   4.162162
   4.169670
   4.177177
   4.184685
   4.192192
   4.199700
   4.207207
   4.214715
   4.222222
   4.229730
   4.237237
   4.244745
   4.252252
   4.259760
   4.267267
   4.274775
   4.282282
   4.289790
   4.297297
   4.304805
   4.312312
   4.319820
   4.327327
   4.334835
   4.342342
   4.349850
   4.357357
   4.364865
   4.372372
   4.379880
   4.387387
   4.394895
   4.402402
   4.409910
   4.417417
   4.424925
   4.432432
   4.439940
   4.447447
   4.454955
   4.462462
   4.469970
   4.477477
   4.484985
   4.492492
   4.500000
   4.507508
   4.515015
   4.522523
   4.530030
   4.537538
   4.545045
   4.552553
   4.560060
   4.567568
   4.575075
   4.582583
   4.590090
   4.597598
   4.605105
   4.612613
   4.620120
   4.627628
   4.635135
   4.642643
   4.650150
   4.657658
   4.665165
   4.672673
   4.680180
   4.687688
   4.695195
   4.702703
   4.710210
   4.717718
   4.725225
   4.732733
   4.740240
   4.747748
   4.755255
   4.762763
   4.770270
   4.777778
   4.785285
   4.792793
   4.800300
   4.807808
   4.815315
   4.822823
   4.830330
   4.837838
   4.845345
   4.852853
   4.860360
   4.867868
   4.875375
   4.882883
   4.890390
   4.897898
   4.905405
   4.912913
   4.920420
   4.927928
   4.935435
   4.942943
   4.950450
   4.957958
   4.965465
   4.972973
   4.980480
   4.987988
   4.995495
   5.003003
   5.010511
   5.018018
   5.025526
   5.033033
   5.040541
   5.048048
   5.055556
   5.063063
   5.070571
   5.078078
   5.085586
   5.093093
   5.100601
   5.108108
   5.115616
   5.123123
   5.130631
   5.138138
   5.145646
   5.153153
   5.160661
   5.168168
   5.175676
   5.183183
   5.190691
   5.198198
   5.205706
   5.213213
   5.220721
   5.228228
   5.235736
   5.243243
   5.250751
   5.258258
   5.265766
   5.273273
   5.280781
   5.288288
   5.295796
   5.303303
   5.310811
   5.318318
   5.325826
   5.333333
   5.340841
   5.348348
   5.355856
   5.363363
   5.370871
   5.378378
   5.385886
   5.393393
   5.400901
   5.408408
   5.415916
   5.423423
   5.430931
   5.438438
   5.445946
   5.453453
   5.460961
   5.468468
   5.475976
   5.483483
   5.490991
   5.498498
   5.506006
   5.513514
   5.521021
   5.528529
   5.536036
   5.543544
   5.551051
   5.558559
   5.566066
   5.573574
   5.581081
   5.588589
   5.596096
   5.603604
   5.611111
   5.618619
   5.626126
   5.633634
   5.641141
   5.648649
   5.656156
   5.663664
   5.671171
   5.678679
   5.686186
   5.693694
   5.701201
   5.708709
   5.716216
   5.723724
   5.731231
   5.738739
   5.746246
   5.753754
   5.761261
   5.768769
   5.776276
   5.783784
   5.791291
   5.798799
   5.806306
   5.813814
   5.821321
   5.828829
   5.836336
   5.843844
   5.851351
   5.858859
   5.866366
   5.873874
   5.881381
   5.888889
   5.896396
   5.903904
   5.911411
   5.918919
   5.926426
   5.933934
   5.941441
   5.948949
   5.956456
   5.963964
   5.971471
   5.978979
   5.986486
   5.993994
   6.001502
   6.009009
   6.016517
   6.024024
   6.031532
   6.039039
   6.046547
   6.054054
   6.061562
   6.069069
   6.076577
   6.084084
   6.091592
   6.099099
   6.106607
   6.114114
   6.121622
   6.129129
   6.136637
   6.144144
   6.151652
   6.159159
   6.166667
   6.174174
   6.181682
   6.189189
   6.196697
   6.204204
   6.211712
   6.219219
   6.226727
   6.234234
   6.241742
   6.249249
   6.256757
   6.264264
   6.271772
   6.279279
   6.286787
   6.294294
   6.301802
   6.309309
   6.316817
   6.324324
   6.331832
   6.339339
   6.346847
   6.354354
   6.361862
   6.369369
   6.376877
   6.384384
   6.391892
   6.399399
   6.406907
   6.414414
   6.421922
   6.429429
   6.436937
   6.444444
   6.451952
   6.459459
   6.466967
   6.474474
   6.481982
   6.489489
   6.496997
   6.504505
   6.512012
   6.519520
   6.527027
   6.534535
   6.542042
   6.549550
   6.557057
   6.564565
   6.572072
   6.579580
   6.587087
   6.594595
   6.602102
   6.609610
   6.617117
   6.624625
   6.632132
   6.639640
   6.647147
   6.654655
   6.662162
   6.669670
   6.677177
   6.684685
   6.692192
   6.699700
   6.707207
   6.714715
   6.722222
   6.729730
   6.737237
   6.744745
   6.752252
   6.759760
   6.767267
   6.774775
   6.782282
   6.789790
   6.797297
   6.804805
   6.812312
   6.819820
   6.827327
   6.834835
   6.842342
   6.849850
   6.857357
   6.864865
   6.872372
   6.879880
   6.887387
   6.894895
   6.902402
   6.909910
   6.917417
   6.924925
   6.932432
   6.939940
   6.947447
   6.954955
   6.962462
   6.969970
   6.977477
   6.984985
   6.992492
   7.000000