 Charge Transfer (eV)
             0.000000
             0.011616
             0.023232
             0.034848
             0.046465
             0.058081
             0.069697
             0.081313
             0.092929
             0.104545
             0.116162
             0.127778
             0.139394
             0.151010
             0.162626
             0.174242
             0.185859
             0.197475
             0.209091
             0.220707
             0.232323
             0.243939
             0.255556
             0.267172
             0.278788
             0.290404
             0.302020
             0.313636
             0.325253
             0.336869
             0.348485
             0.360101
             0.371717
             0.383333
             0.394949
             0.406566
             0.418182
             0.429798
             0.441414
             0.453030
             0.464646
             0.476263
             0.487879
             0.499495
             0.511111
             0.522727
             0.534343
             0.545960
             0.557576
             0.569192
             0.580808
             0.592424
             0.604040
             0.615657
             0.627273
             0.638889
             0.650505
             0.662121
             0.673737
             0.685354
             0.696970
             0.708586
             0.720202
             0.731818
             0.743434
             0.755051
             0.766667
             0.778283
             0.789899
             0.801515
             0.813131
             0.824747
             0.836364
             0.847980
             0.859596
             0.871212
             0.882828
             0.894444
             0.906061
             0.917677
             0.929293
             0.940909
             0.952525
             0.964141
             0.975758
             0.987374
             0.998990
             1.010606
             1.022222
             1.033838
             1.045455
             1.057071
             1.068687
             1.080303
             1.091919
             1.103535
             1.115152
             1.126768
             1.138384
             1.150000